-0.386842542677
-0.0770176467907
0.0486962279231
0.0724658673745
0.0695989222629
0.110059216957
0.178743528471
0.20777155247
0.224636058803
0.294748803205
0.310376602345
0.278582715316
0.278946790873
0.272377607039
0.0941178702356
-0.139944866138
-0.291892679234
-0.344804810317
-0.365452490553
-0.324346974845
-0.240517367831
-0.184680494151
-0.214404436484
-0.260667543804
-0.241066761054
-0.145417962207
-0.040758710208
0.0414218759578
0.0869908348742
0.0868809410409
0.0373431166662
-0.0610590270966
-0.16390635393
-0.220777437637
-0.246535049678
-0.266450793651
-0.236667543804
-0.16074945161
-0.109375834193
-0.0653320472499
-0.0430944667353
-0.108899125235
-0.24313029772
-0.330454409456
-0.385755844955
-0.38709109622
-0.269522826595
-0.109073636374
-0.0102380273614
0.0905202009433
0.262772168734
0.484290897621
0.77671311234
1.20162342084
1.63876473247
1.93517837789
2.25734091415
2.67357097094
3.03916201603
3.46308343191
4.02463722655
4.37637866962
4.49592527353
4.50577012077
4.45802063403
4.36800108885
4.45358663138
4.61374418502
4.59630980556
4.15111516803
3.52121428457
2.70456435559
1.77499106829
1.15615966514
0.95345919059
0.796615292617
0.747626937409
0.815766154966
0.702444467397
0.540779143286
0.557730510926
0.663319388911
0.824250247423
1.10673526863
1.33117335438
1.34260059563
1.15686165267
0.915155427241
0.683101558119
0.542520878467
0.480701219343
0.450191582482
0.0885258787931
-0.523277477067
-1.03109559395
-1.2090073366
-1.26803675664
-1.02496861416
-0.591676793549
-0.295708670039
-0.289441684025
-0.352094805497
-0.440576742489
-0.550830284537
-0.702447297522
-0.578500454064
-0.341412488831
-0.275478493448
-0.33958953222
-0.470576920634
-0.653384543619
-0.889619834257
-0.978628406478
-0.945395595436
-0.80987224605
-0.5727965973
-0.344296353469
-0.270711517692
-0.239606001984
-0.258659552789
-0.366723089456
-0.505419364079
-0.577352941787
-0.706439362007
-0.961329973436
-1.27109205992
-1.53734948939
-1.8191696158
-2.05176041269
-2.10436585391
-1.93422750676
-1.60937324626
-1.27525446189
-1.04712233582
-0.913104689034
-0.855105378326
-0.924227308297
-1.00184450531
-0.973653971256
-0.896873907895
-0.867087620534
-0.861379403173
-0.841293377215
-0.816566248396
-0.796720784966
-0.786184423847
-0.784380147966
-0.823016183409
-0.628985773216
-0.493613105065
-0.451422801739
-0.40207712365
-0.363509283344
-0.36378991481
-0.417400695066
-0.576645787536
-0.309633132219
0.0653746600826
0.234472678394
0.258512580831
0.187475464734
0.0786092994716
-0.0696067263329
-0.25837261265
-0.430627728955
-0.55430509212
-0.573268609815
-0.498917519662
-0.368817071372
-0.269986158803
-0.17338133093
-0.0470828949719
0.0633321231941
0.0772283043881
0.03437428918
-0.00908781341669
-0.067223234055
-0.102579782972
-0.0661463381662
-0.0132358952567
-0.0566111628744
-0.337098961621
-0.414586702024
-0.142506654776
-0.0807919797699
-0.118540134624
-0.181753718735
-0.27547881765
-0.363230988456
-0.39522934117
-0.440334737149
-0.616572524981
-0.760866676285
-0.677731600293
-0.674202310168
-0.754866676285
-1.01651911138
-1.12105132802
-1.22616499536
-1.238768544
-1.1061226892
-0.908361070006
-0.731423523119
-0.57202506819
-0.499252773843
-0.515064734065
-0.481274217552
-0.414797397593
-0.459347556052
-0.609999932731
-0.769163453313
-0.98359101288
-1.15280830335
-1.10471540207
-0.836784768479
-0.508254058954
-0.240909683504
-0.135871235596
-0.346046456399
-0.76097163123
-0.560954822704
-0.344163494254
-0.193348949248
-0.0931360164579
-0.0166812184997
-0.018926643972
-0.0781671130275
-0.098185373166
-0.0765327365133
-0.0159529330976
0.0595653635553
0.0608479606246
-0.0485658279303
-0.197411852123
-0.392875502649
-0.569014650093
-0.632880088092
-0.553104402857
-0.416680161149
-0.277517405803
-0.195619957026
-0.134266667624
-0.129022360762
-0.225754297026
-0.361819492622
-0.465222252649
-0.586825961912
-0.713265928591
-0.715734868536
-0.618230024578
-0.539424936759
-0.497916476996
-0.500049438412
-0.565176473773
-0.636798367231
-0.640302708842
-0.605839954925
-0.560612360273
-0.562790598217
-0.645672097106
-0.790391737257
-0.963877988075
-1.06441773135
-1.05357441167
-0.931773123687
-0.69494420305
-0.339204792803
-0.0640706368321
0.0771463965822
0.14601582136
0.142911386291
0.0249127648746
-0.095445480944
-0.16560592604
-0.219760985401
-0.262836055859
-0.298812766275
-0.342625380733
-0.394040436872
-0.478083721468
-0.625301479231
-0.755196971133
-0.806324473785
-0.807199395299
-0.823985644687
-0.832758552382
-0.771631628021
-0.662068855133
-0.585599447898
-0.505392645635
-0.418208259635
-0.391402482525
-0.388362775761
-0.32582562315
-0.296960848115
-0.359738443525
-0.55262134137
-0.765613890674
-0.669189164147
-0.592644073106
-0.570319926314
-0.679517560536
-0.974987975381
-0.985202304283
-1.00638923418
-1.01457226792
-0.941477503242
-0.787346609702
-0.679409436633
-0.589711009461
-0.542186220106
-0.631473662591
-0.350935368011
0.0429815529166
0.180276180312
0.165893575914
0.144491394179
0.0429704397155
-0.202128080943
-0.51882828969
-0.681372227064
-0.491144798912
-0.397624116066
-0.430729780746
-0.60402855255
-0.469117800051
-0.221842951623
-0.172726004325
-0.272487156227
-0.438547182205
-0.63781603155
-0.897796322714
-0.943915402117
-0.989693350901
-0.9820276062
-0.90311502827
-0.767988793202
-0.664609100758
-0.561964101746
-0.483128235676
-0.556615397787
-0.706806323189
-0.737109064244
-0.75319143934
-0.827148733035
-0.847930063979
-0.815437443104
-0.816059596535
-0.82992033809
-0.829114449979
-0.786405114008
-0.670065817619
-0.554007888689
-0.484100825024
-0.409116196622
-0.405635687829
-0.58787058712
-0.841248211688
-1.04920759655
-1.21416589785
-1.20594072445
-0.979896248214
-0.681604331286
-0.425097825482
-0.243134678762
-0.21487395472
-0.276218318526
-0.393611165718
-0.54439868269
-0.648278765023
-0.588645188801
-0.389111126289
-0.0570499145556
0.353231774136
0.741825275535
0.977464313436
1.05582863428
1.01564685648
0.905120676895
0.750891887688
0.552686388065
0.30364267415
0.0864255297349
-0.0727592884993
-0.269702332123
-0.511993968704
-0.748622442452
-0.961246219756
-1.1163571212
-1.15203660774
-1.09639776843
-0.999058816686
-0.926306701381
-0.933248623478
-0.927917283048
-0.877681779138
-0.791297083577
-0.640154916148
-0.397322531594
-0.224008835039
-0.156222080388
-0.127172536735
-0.125460090221
-0.147703745763
-0.182825062387
-0.246828789193
-0.327884799219
-0.405185732372
-0.514620240287
-0.585844295079
-0.590503547078
-0.577377890301
-0.582710571342
-0.582893727731
-0.583223409231
-0.590990671217
-0.503385303024
-0.299589289775
-0.115309335957
0.00556966865222
0.172347851082
0.27767630297
0.258648132914
0.258842972067
0.323794117706
0.383480126121
0.438670008857
0.457929427343
0.402705372552
0.285830673039
0.0702997590412
-0.227206019498
-0.475213642455
-0.570140306871
-0.524015190412
-0.381965328441
-0.181308646665
0.0155800078888
0.121587928791
0.200115767303
0.256251409943
0.193931454332
0.0264762270549
-0.134015056124
-0.341908556094
-0.56114772251
-0.668099913731
-0.671477257953
-0.666230024578
-0.642349066009
-0.554891881857
-0.391619735025
-0.150697521763
0.165103655221
0.438232314455
0.609983670355
0.864138975005
1.18073342275
1.28832660584
1.22848047356
1.15430661082
0.87683807691
0.404268221384
-0.00839478070841
-0.319746732414
-0.54263430633
-0.606878318161
-0.570534103329
-0.472667900094
-0.247515559929
-0.00685269212446
0.183610383026
0.426665090413
0.669730826328
0.740220263632
0.672214953841
0.591656372134
0.469029130913
0.437442344092
0.702378121049
1.2246026635
1.68355401937
1.97537530237
2.10865797538
2.06434970254
1.88935257362
1.94128516409
2.29624592462
2.6598563806
2.82056441393
2.80518276462
2.45353137226
1.88344441172
1.39607352818
1.16449115163
1.18533367102
1.46347309881
1.81516514719
2.21583914276
2.66483096771
3.08064291617
3.35704629246
3.51010591829
3.53398510693
3.50365499902
3.6228504719
3.72480141022
3.63124292483
3.41910498662
3.20505174831
2.74384699355
2.3665280806
2.24104534636
2.18435005883
2.00819844593
1.8472382228
1.62365672249
1.41990471818
1.33194580061
1.32934497989
1.3311399125
1.39442620132
1.6249992813
2.07002743959
2.59581689876
3.03220049027
3.41234161787
3.74601551712
3.98093566251
4.0933302242
4.19983469719
4.21222264062
4.08128172321
3.83106914387
3.59220485954
3.41349936137
3.37022937582
3.29423317274
2.98717923059
2.67784116381
2.58126388973
2.43874501187
2.14367758197
2.04663306776
2.13862710373
2.26816524934
2.62543732606
3.35188939014
4.03375919158
4.27563066955
4.10830985821
3.80944568488
3.44625451128
3.04811873435
2.81145402067
2.70134000285
2.39680804619
2.07255781327
1.99705402666
2.04213049316
2.00976132982
1.9659145433
1.89804645914
1.76562352007
1.52047363913
1.27869364879
1.16983036916
0.984681212562
0.652364405465
0.390994958857
0.259379601887
0.0948675642906
-0.0133032200422
0.0621264804295
0.272435722914
0.44568342358
0.531106324676
0.556755421468
0.569213835231
0.634270032202
0.83006405352
1.1180211661
1.54002953669
1.91311491133
1.99799126977
1.86339386046
1.73172191808
1.56980816604
1.4445065436
1.34572062721
1.27173631713
1.33972659124
1.51688565483
1.52921964143
1.45042159828
1.3455526175
1.12293118842
0.842793028214
0.744363979062
0.847250209451
0.998278735797
1.0454024357
0.862151306174
0.520345602092
0.14471807761
-0.130849654611
-0.329003691678
-0.424665551872
-0.410014723122
-0.319145485289
-0.257404474456
-0.237522826595
-0.203202479638
-0.188400709679
-0.171185411138
-0.112655896096
0.083770974179
0.325299650956
0.525984207759
0.64854405705
0.746501128743
0.751311935299
0.6572338653
0.534673011315
0.482118734704
0.520423280745
0.578066693856
0.573089910412
0.553912791078
0.524395218774
0.399508223149
0.21980580047
0.151019475137
0.142608107832
0.117170918693
0.154617798665
0.290588509998
0.524299823217
0.786820506063
0.91767429927
0.855060288742
0.751198892952
0.550986313607
0.347637031357
0.309434569247
0.330453404762
0.245626183942
0.194033468151
0.16341949268
0.141790577845
0.309788083566
0.699246126355
1.11182498342
1.44798282324
1.72521684921
1.86349948425
1.78013566867
1.57674770486
1.46180455024
1.3995433589
1.27719660891
1.09295928545
0.827377820188
0.448204106426
0.029839037944
-0.256349469124
-0.383168476927
-0.384315151011
-0.294532590456
-0.17702167147
-0.109755021374
-0.0325017129723
0.0651868656663
0.11526678154
0.176106730706
0.273161081803
0.366703602621
0.457356855538
0.58963995787
0.757379087771
0.918028426937
0.939867444437
0.941032045657
1.06397238477
1.25365209616
1.42312642475
1.7089786904
1.87755510001
1.68919782383
1.24377367275
0.814285032826
0.427071258927
0.176671498442
0.0938316602769
0.137167191887
0.189333858068
0.171168383526
0.065027466152
-0.0688893234022
-0.208066220734
-0.314139372289
-0.33775045922
-0.301259029984
-0.230927689554
-0.166648092026
-0.163024819985
-0.219431303901
-0.256587592873
-0.283992923122
-0.368463521997
-0.477736971469
-0.558380889842
-0.6395731208
-0.685236674981
-0.585731942023
-0.428759498732
-0.315174271609
-0.207641365679
-0.123780624124
-0.142516900541
-0.193540619443
-0.206754259054
-0.211760985401
-0.211800075901
-0.194762215012
-0.179601696887
-0.177912428957
-0.175376412485
-0.16887702729
-0.159951519457
-0.150952749068
-0.142027241235
-0.135527856041
-0.133211627235
-0.13898388361
-0.142108459749
-0.14984712236
-0.175999144207
-0.21818710804
-0.252909318415
-0.290279209025
-0.321679655886
-0.293153552248
-0.286009991622
-0.419786553094
-0.663882661231
-0.912704204201
-1.20303893843
-1.45577203128
-1.5668242035
-1.48227622392
-1.239545012
-0.879591234881
-0.49472836419
-0.119339968152
0.123766704139
0.141370413402
0.00495185537476
-0.131002757096
-0.174079019193
-0.0572554842916
0.273837326358
0.617893374357
0.802672491368
0.845827699701
0.78568424716
0.549636342065
0.306254301399
0.115729646458
-0.0897018998885
-0.258112075554
-0.410309508218
-0.618733171634
-0.735758549467
-0.649157991633
-0.543360710801
-0.429932423969
-0.259679655886
-0.0773014909995
0.041076971833
0.121526162054
0.124045185971
0.0867636695404
0.0381771018054
-0.0740144778325
-0.237872070874
-0.313003802678
-0.269716976456
-0.214464246345
-0.164524856499
-0.128955786582
-0.139560258166
-0.189573523915
-0.166834320985
-0.0843446616796
0.0224219139299
0.169544498137
0.338432072053
0.500411095634
0.73622160716
1.01110780249
1.19209601164
1.33454017242
1.40528755331
1.29160132289
1.09586845496
1.01923780234
0.955085871048
0.767549004667
0.453866988843
-0.0695081618178
1.67299804593
3.26729137319
3.8930339116
3.86316558202
3.43764396467
2.90521394004
2.22784128658
1.74100198582
1.50456691429
1.50853507286
1.67791263908
1.90782167708
1.97239989751
1.94811157879
1.73560663851
1.43850043351
1.26592027381
1.22392384873
1.14856122478
1.05873469034
0.906084696937
0.662239400008
0.458768874162
0.332366765456
0.201699557498
0.117636207776
0.204814986039
0.414536434094
0.699253971313
1.03423599444
1.3314400775
1.44197548063
1.38975627125
1.25053489768
1.03149787214
0.742318048299
0.476820149773
0.221274626498
-0.0730425368885
-0.319445837234
-0.441708798496
-0.480299204038
-0.505036637037
-0.523498123371
-0.471560503455
-0.334331641219
-0.18872931054
-0.0870834732632
-0.0132722373889
-0.0116189114441
-0.0575505673333
-0.0834527476105
-0.0555022532915
0.032097729166
0.156365719874
0.298579175455
0.509832951148
0.764361292007
0.854192166604
0.755267237062
0.580199766273
0.327303190817
-0.0150279276114
-0.257618613499
-0.293730931498
-0.233981351359
-0.199032086651
-0.184955786582
-0.174229925346
-0.217051614373
-0.33524438565
-0.447884688219
-0.491623929121
-0.492906023843
-0.49180708551
-0.456001346371
-0.415007383427
-0.397418394441
-0.400705296608
-0.46952883151
-0.698266042508
-0.998246257728
-1.27412550471
-1.44020907145
-1.3838708557
-1.09770875167
-0.709313050994
-0.307931921622
-0.026995064027
0.0493338931245
0.0110849277914
-0.039818482097
-0.0410022898058
0.0518139024855
0.209194675568
0.387171853274
0.558609398704
0.631695462634
0.613631312619
0.597903065189
0.564508728412
0.480379382801
0.455581450648
0.486874649843
0.587169136994
0.757212030244
1.00356975612
1.18394656002
1.26911166359
1.26305153832
1.34248220843
1.45885666411
1.61921211771
1.84736283691
2.07746082598
2.15810474436
2.11642108416
1.95303727357
1.69038305101
1.42201522536
1.1607371145
0.899623864839
0.769345645895
0.895864371867
1.16269617813
1.34417397064
1.40543758322
1.38316478507
1.21701475516
0.936245907269
0.761311976187
0.757848792952
0.910344620686
1.08090949942
1.22958067947
1.46645849245
1.87623876312
2.18726436879
2.47915300866
2.72179856267
2.63504568505
2.34414211164
2.48875532188
2.878306523
3.14268186061
3.38693636357
3.62296527834
3.38968774578
2.69497973005
1.98988710051
1.44370518259
0.920631093533
0.441807500287
0.181741761456
0.120406077957
0.146960856915
0.180704437971
0.183458974526
0.112810715999
-0.00239004920853
-0.141548575402
-0.281638217165
-0.3864201264
-0.432645989094
-0.446845635691
-0.46639691276
-0.529424936759
-0.637399187953
-0.762869135507
-0.888339083062
-0.995800496367
-1.04153429603
-1.0221701358
-0.981290789464
-0.946368970464
-0.600949252939
-0.416586161704
-0.299463995172
-0.161433129332
-0.0076317858473
0.126587277471
0.2794997999
0.395925811538
0.416566803399
0.359596130038
0.226230766526
0.117173266915
0.0874036917635
0.0912789666517
0.0877686259573
0.103947477249
0.0549902565829
-0.0535333878332
-0.0936854096803
-0.04943379818
0.0499694641934
0.182108611637
0.2869014384
0.251515133526
0.156599351581
0.0488768228888
-0.0673826335693
-0.135865417555
-0.0988422769437
-0.0559284518745
-0.0763234399716
-0.157943563499
-0.243207287082
-0.322304233483
-0.453920072357
-0.595017976752
-0.657363730786
-0.726605394396
-0.173164414275
0.280941627067
0.472548645461
0.455678560635
0.353046047524
0.267998104456
0.195276396429
0.0781343604438
-0.0405493377221
-0.159737228526
-0.284767600748
-0.38377117858
-0.390360316539
-0.345702221122
-0.314480047261
-0.240299461096
-0.129789082429
-0.0378149422362
0.0506362048605
0.147244105304
0.164892512804
0.141072520679
0.105008014374
0.0626410123046
0.0256588431246
0.0248163237357
0.0355464900689
0.0854023131795
0.14757751361
0.180501140512
0.218402818442
0.29660423497
0.377402056122
0.456361122662
0.597134386647
0.739148417633
0.825723880895
0.883034650937
0.908429601062
0.838490100215
0.725576888493
0.584964793953
0.43099231269
0.30372761947
0.252015172956
0.31420194515
0.513698611148
0.71433153605
0.822589502923
0.799347374938
0.707117172091
0.628389073633
0.621071615217
0.703017769382
0.903683598756
1.09590012691
1.1697052527
1.17186649809
1.17186649809
1.17113387253
1.14500445098
1.04068402807
0.830363716173
0.54076641494
0.277543773789
0.093643007152
0.0167680856381
0.0389872950134
0.104529850888
0.0862509426522
0.00852927259669
-0.121812261012
-0.266524745498
-0.374589830094
-0.427017798608
-0.475670975579
-0.482513494968
-0.468599520926
-0.44992258708
-0.415818189983
-0.403641164121
-0.456551104684
-0.546197826926
-0.686593822633
-1.05202091782
-1.05792483006
-0.889407211056
-0.617122496494
-0.304844087762
-0.0729308380683
0.0266024592081
-0.0591408239019
-0.201355190777
-0.394872354135
-0.57103056201
-0.6336341223
-0.590234943023
-0.556712452273
-0.48160320976
-0.372524599441
-0.325585060622
-0.320539354775
-0.336055081205
-0.376776210942
-0.483180702926
-0.622459649134
-0.72831232373
-0.733623093772
-0.675269655397
-0.560100714023
-0.407025754566
-0.269156589762
-0.199574867443
-0.223793965817
-0.317638795456
-0.391457987289
-0.398711984983
-0.413985434455
-0.457085564427
-0.46485536158
-0.438380422552
-0.433987893677
-0.428251000997
-0.381592327289
-0.318451950233
-0.250047347248
-0.21109797154
-0.229304995804
-0.295304884803
-0.388680850441
-0.509780180121
-0.55294561669
-0.455340026496
-0.265188915942
-0.0634522452634
0.0947331483465
0.139277699068
0.0804700410269
-0.0357464871247
-0.159290386527
-0.285240080553
-0.36269187897
-0.365280327636
-0.328196798872
-0.320062458872
-0.308292159373
-0.371374963788
-0.557500658537
-0.753224378869
-0.821312250702
-0.802579625146
-0.689274573842
-0.481418861732
-0.300245691205
-0.253249993387
-0.249248147512
-0.195883064346
-0.114513863027
-0.0569570892217
-0.00591820319472
-0.0274769805756
-0.184905872026
-0.493579286384
-0.71340697741
-0.586920037301
-0.515585127766
-0.419953777122
-0.304138758942
-0.224664582234
-0.200445986207
-0.179047998568
-0.194041850512
-0.267423926234
-0.324482506484
-0.31790374865
-0.340673583775
-0.440059888649
-0.485616717955
-0.491398320516
-0.565744296551
-0.724527826744
-0.568600622009
-0.360726798733
-0.302521272782
-0.318218263025
-0.371573956149
-0.433980627011
-0.505210569885
-0.526186850982
-0.507746586357
-0.442645486747
-0.413965795732
-0.377399556012
-0.317139299261
-0.264933764581
-0.244324409609
-0.149755599666
-0.0542208128047
-0.0202667026807
0.0197936854717
0.0655501409304
0.0460518743465
-0.00359388698624
-0.0254828015138
-0.0612042846245
-0.0536708763475
-0.017136518805
0.0195305781521
0.112273583832
0.341467286775
0.479447834997
0.463681933995
0.352020593748
0.158866109762
-0.171066182762
-0.439721094608
-0.555233059176
-0.555442618607
-0.550512192329
-0.571383387037
-0.629471182925
-0.658696429356
-0.596379622259
-0.451569037705
-0.278455098748
-0.129773357457
-0.0918453524294
-0.144668344096
-0.204434303443
-0.223342818721
-0.224462978762
-0.169449096749
-0.0751432831243
-0.0048015275138
-0.0119126509583
-0.0885871255825
-0.214488114221
-0.343229665372
-0.392600245275
-0.353589792122
-0.213708553207
-0.0358704119438
0.0759352161938
0.0624016969161
-0.027915688472
-0.202857464512
-0.432503190788
-0.666075543508
-0.877901966951
-1.05046466681
-1.14249449871
-1.16711780873
-1.167813803
-1.16689802106
-1.13635170041
-1.07808428799
-1.00311499321
-0.9444135022
-0.913248176631
-0.928781006617
-0.928389167034
-0.891837740992
-0.768317318119
-0.603570661578
-0.450112507788
-0.353441573025
-0.30258029115
-0.366251000997
-0.439072222733
-0.44683699044
-0.44949281358
-0.516368815732
-0.629608560439
-0.787002207924
-0.915903736881
-0.951287080186
-0.897636324465
-0.72872695055
-0.509120203773
-0.300586401234
-0.114210397624
0.040174642583
0.143582321054
0.219535274595
0.223760558998
0.174388787456
0.142202015263
0.0782033179024
-0.0644559340969
-0.229841012276
-0.446390726732
-0.694856407161
-0.841185177368
-0.831840311215
-0.730572971827
-0.492330262635
-0.0967933846105
0.384349474955
0.795062783021
1.05312664092
1.23341386141
1.28809670093
1.24001084432
1.1375619871
0.9447822742
0.539508188093
0.111392978637
-0.343971216524
-0.736100024731
-0.936837013728
-0.94339401245
-0.960967200519
-0.969099694645
-0.910879328687
-0.782816592313
-0.636410143453
-0.474783366607
-0.322670546261
-0.23687395472
-0.221867917665
-0.294226741775
-0.481569113649
-0.740372209535
-1.00137318209
-1.26142597057
-1.45190814121
-1.52560337317
-1.52776461856
-1.52776461856
-1.52765472472
-1.52075535704
-1.40386239739
-1.12265074971
-0.769631703966
-0.488544016162
-0.284172539651
-0.197677383609
-0.252910585998
-0.364442726692
-0.382453720164
-0.318507530942
-0.276147404192
-0.30231161115
-0.357517294803
-0.439982975232
-0.543723407773
-0.577659105871
-0.358563649054
0.0751131007636
0.528411522037
0.833964422979
0.953489186006
0.776368669675
0.378363505941
-0.0307964571807
-0.282856699276
-0.389224746928
-0.405714984524
-0.391084986136
-0.349963558511
-0.302698643289
-0.296646789386
-0.347114350747
-0.422041704455
-0.558833228578
-0.715697734911
-0.849487340131
-0.916349498243
-0.925468968992
-0.823593805105
-0.693433751355
-0.502374347524
-0.227765792845
0.0590121675829
0.216985805429
0.283679229483
0.275595662748
0.181647627651
0.0370715510411
-0.0315950786253
0.0196533463886
0.100290611444
0.143728846165
0.164894282735
0.120350421305
0.0113498809856
-0.0604546665137
-0.101953978679
-0.171634023068
-0.181613303707
-0.122186529749
-0.0868619156662
-0.093660350166
-0.0896775296661
-0.128378909679
-0.246928267845
-0.401451298914
-0.534330227579
-0.631060972203
-0.693666413425
-0.674156183731
-0.582726296314
-0.394698643289
-0.172774978415
0.02499075893
0.107147775166
0.114819752596
0.0408212421805
-0.0661152591249
-0.151439873207
-0.159872760165
-0.150267748263
-0.146237303013
-0.175074214665
-0.25804116122
-0.33833352215
-0.352075222275
-0.333724821414
-0.285389754179
-0.191444756596
-0.111774549096
-0.0881811440133
-0.0702176993469
0.0463370445545
0.26393456779
0.470687001413
0.58182676512
0.654260043425
0.653805356467
0.549113088995
0.437364122204
0.3682372329
0.223463279623
0.0561379762487
-0.0238593425275
-0.0295719759862
-0.0451352512217
0.0115665201379
0.117600803194
0.171907008165
0.102782805916
0.125932108567
0.261768012609
0.39278286426
0.435318880732
0.357718319984
0.137012710818
-0.0830657154718
-0.236423888262
-0.330343172095
-0.217071790499
0.012442779348
0.110439408832
0.0652076609714
0.089479880832
0.206396743415
0.317825754595
0.335687763733
0.279467397775
0.14388148136
-0.100582131194
-0.29048254154
-0.287912131011
-0.135367299944
0.0764658118741
0.272553496762
0.313330096206
0.296729240427
0.302057914317
0.283782434942
0.253057262997
0.283183571095
0.279889980553
0.251086440664
0.209476154026
0.12681129429
0.0329945616799
-0.0248862858886
-0.0923630328189
-0.114809296527
-0.0376677278331
0.051593405083
0.0482725645066
-0.0738571286659
-0.382688061607
-0.354305258621
0.00497063538866
0.227588609283
0.308353794664
0.169730037804
-0.0787287673054
-0.267077754526
-0.383804661344
-0.409096592956
-0.31045068265
-0.158818485013
-0.0750889699993
-0.041391857111
-0.0362458723191
-0.0419962731943
-0.0958737386031
-0.220534640804
-0.484236190162
-0.702040702605
-0.635042770481
-0.713923197459
-0.846988699729
-0.907736492409
-0.874701669034
-0.805524771702
-0.685242247661
-0.55426980437
-0.490327879357
-0.410473937178
-0.309580142177
-0.290255528095
-0.359285322025
-0.48972594294
-0.703712268244
-0.882596115354
-0.947490955936
-0.935756020131
-0.876848883437
-0.800721997049
-0.798519891229
-0.839344652827
-0.825469769285
-0.759717151632
-0.735789146605
-0.723947967828
-0.668324006494
-0.598109826564
-0.542785714829
-0.458255808441
-0.312423964206
-0.175773246456
-0.146480345207
-0.265848857234
-0.44266866533
-0.646254973091
-0.810083388466
-0.867968465187
-0.830845845923
-0.780581582021
-0.720960769202
-0.681736714411
-0.664506584592
-0.599020035829
-0.446432965746
-0.311468478414
-0.278712785275
-0.331579563886
-0.409157057052
-0.515624507412
-0.603737438759
-0.635280070578
-0.62814399862
-0.627887579675
-0.627887579675
-0.627887579675
-0.62880336162
-0.658763581828
-0.695387505189
-0.663773959036
-0.560778337162
-0.455258305635
-0.33601060497
-0.209435608998
-0.151061451263
-0.164069369249
-0.178685914943
-0.177839166401
-0.171741457679
-0.123490646472
-0.0472648597217
-0.0579833432908
-0.148822825166
-0.248767600748
-0.354422083275
-0.48782899651
-0.526114277718
-0.535233713411
-0.60690168369
-0.657613402939
-0.583504776689
-0.487509806135
-0.3861295354
-0.207085897429
-0.0965315098177
-0.151493181638
-0.262649172665
-0.3256607824
-0.415567267774
-0.531792441176
-0.635264847953
-0.7117464403
-0.761475377021
-0.789385513257
-0.761123708577
-0.645993746703
-0.480522029218
-0.336860391025
-0.201003411332
-0.0839833432908
-0.0261110299721
-0.0194406735
-0.0204339471527
-0.0211665727083
-0.0449473633329
-0.106952170777
-0.162955842082
-0.223275920338
-0.345601644303
-0.577190951606
-0.635376456216
-0.422630859941
-0.242664182088
-0.118100635235
-0.123532161138
-0.22695213572
-0.3823591249
-0.560777069579
-0.686572580481
-0.759832355257
-0.805027343383
-0.858743797048
-0.908408116465
-0.964644207395
-0.946378751853
-0.891752293325
-0.785898462147
-0.613178132703
-0.416349977302
-0.281706561275
-0.146394243305
-0.0349479416242
-0.013829662514
-0.0823874789855
-0.161700094902
-0.323755342608
-0.562006732107
-0.757138931202
-0.858547877256
-0.942893359673
-0.985412196645
-0.907389129062
-0.750683519896
-0.610385194939
-0.510907793773
-0.375478893594
-0.275879880775
-0.239688412138
-0.184877529637
-0.0391720694443
0.0873132497078
0.188838591026
0.206922379763
0.0835719409297
-0.155598659374
-0.402918319955
-0.64836978537
-0.827102878216
-0.89455387634
-0.853708506382
-0.770841038479
-0.722007164341
-0.729335037938
-0.763425871341
-0.80481236316
-0.851146162812
-0.870554063284
-0.890791421798
-0.909688943604
-0.924220543978
-0.878094270937
-0.72998264223
-0.46887431101
-0.197366073248
-0.0408918585688
-0.0204798019722
-0.0571439724163
-0.143514981637
-0.257037583387
-0.359351130969
-0.444404290427
-0.545737438759
-0.638047557481
-0.738721342813
-0.800913722744
-0.833554603604
-0.878287229159
-0.923465429131
-0.909353076076
-0.855441672257
-0.763589500008
-0.615556128245
-0.491021992704
-0.427701029483
-0.385572186219
-0.367934269844
-0.435569037705
-0.488736933496
-0.444801048455
-0.404581260788
-0.392386643636
-0.314689419747
-0.216924038692
-0.214545464859
-0.220437451957
-0.169341551137
-0.0913520773189
-0.00137655854196
0.137250869624
0.271010829887
0.358018023524
0.407866579969
0.406372151191
0.383541203566
0.397101049941
0.380979584344
0.274897787539
0.116251520944
-0.0819803057771
-0.310937304442
-0.488860858316
-0.625125589508
-0.725051135314
-0.774674296354
-0.770126784063
-0.759171911618
-0.734575506994
-0.680308783869
-0.614612249272
-0.583809509676
-0.582893727731
-0.582893727731
-0.581684895565
-0.542020184801
-0.488956686107
-0.495539749037
-0.548328457648
-0.58090345362
-0.588668443328
-0.569041444481
-0.497870622177
-0.413627077635
-0.347588787428
-0.343530058205
-0.380225474192
-0.407975632622
-0.375937920705
-0.343130840955
-0.376011761552
-0.452439654122
-0.491505576982
-0.56414399862
-0.693861308078
-0.772297968542
-0.79181230766
-0.840707910562
-0.788099154326
-0.569735502328
-0.4007512449
-0.391133478323
-0.450442747136
-0.483620891607
-0.455238164565
-0.45153367401
-0.473905483524
-0.532050705995
-0.679974183925
-0.833257359285
-0.879033809756
-0.884287807451
-0.926533232923
-0.956836587325
-0.976800534339
-1.00835969142
-0.961091160395
-0.812259745479
-0.64742363412
-0.532327266009
-0.47870645319
-0.51016425069
-0.572605595954
-0.606164139689
-0.62528929412
-0.667054862119
-0.74507547048
-0.830850764368
-0.878964274006
-0.925190714992
-1.0355324706
-1.1269646303
-1.12419349253
-1.05893418505
-0.974857306686
-0.868441710229
-0.778142082632
-0.788325817312
-0.936881174561
-1.09378888955
-1.19430631288
-1.23815743955
-1.16935097314
-0.975861573811
-0.775640162271
-0.566439619065
-0.380443959218
-0.293034510817
-0.290433690095
-0.290580215206
-0.295945298373
-0.320891525567
-0.353373228914
-0.398197955455
-0.504476250343
-0.681471761217
-0.832405692299
-0.914301762492
-0.945487416075
-0.95291957577
-0.930008209923
-0.914071057298
-0.935444096423
-0.994561797242
-1.02031883099
-0.996572790714
-0.963730960617
-0.931934947367
-0.90358935395
-0.88977439127
-0.852543069812
-0.805254920507
-0.820590405417
-0.858128536465
-0.873709029173
-1.03852334053
-1.09317705782
-1.05437647078
-0.959794365839
-0.791739751924
-0.587848489175
-0.428862815191
-0.341030094719
-0.253417927151
-0.225417237859
-0.26924272672
-0.353785209566
-0.427261454149
-0.505211837468
-0.585021303412
-0.638112788134
-0.583585416912
-0.468824805329
-0.368857931803
-0.264909318415
-0.157352042262
-0.139885021221
-0.203088858999
-0.246092436831
-0.244928267845
-0.278564303289
-0.326495959178
-0.323198028483
-0.349291397052
-0.493265572302
-0.581682471399
-0.49512758144
-0.386483049719
-0.355564341261
-0.341095401317
-0.329144982942
-0.418616700427
-0.59588396387
-0.727765313786
-0.728502244438
-0.699336807869
-0.692235521314
-0.661578617536
-0.596109826564
-0.548130656926
-0.526461530065
-0.493055008177
-0.450482360427
-0.427466597483
-0.472968368871
-0.631604331286
-0.872105264409
-1.04649276384
-1.10214037105
-1.06705499641
-0.917907463687
-0.714692743438
-0.610507349828
-0.633458997814
-0.667476679661
-0.657460767744
-0.61194012287
-0.57747610137
-0.529249791829
-0.504601655947
-0.565984803579
-0.721542509049
-0.671095088758
-0.466864567593
-0.354433365893
-0.324304288984
-0.333150982025
-0.377826835233
-0.485252195551
-0.651634198244
-0.818473458118
-0.91670716577
-0.959381062103
-0.912342733923
-0.747417337091
-0.559151414259
-0.451145450232
-0.424567305746
-0.479827302524
-0.591053705537
-0.716137199244
-0.86360096077
-0.973571596159
-0.949313985575
-0.867427606214
-0.834138355826
-0.817594383396
-0.827289726354
-0.923565541575
-1.00527214671
-0.992991553214
-0.942492316992
-0.494839937397
-0.407227451511
-0.491678029044
-0.616440720147
-0.819071054382
-0.919773737035
-0.809691326882
-0.637608560439
-0.499574534441
-0.314226163484
-0.1860858244
-0.235215318984
-0.40625226858
-0.6101153233
-0.833388550771
-0.994615532075
-1.05360750309
-1.05448665375
-1.02563383019
-0.946738878603
-0.82059984216
-0.667979102369
-0.502747313621
-0.365599091608
-0.294079638372
-0.288786550178
-0.283252954956
-0.204461898124
-0.121607193624
-0.11106029468
-0.120251947346
-0.129669462707
-0.179049190207
-0.19487998886
-0.0964632007634
0.0215373775279
0.103317870207
0.0633933116392
-0.0635011726531
-0.162174268693
-0.176179841373
-0.221726124054
-0.229347737165
-0.189572910567
-0.184261059887
-0.210869705124
-0.231738674255
-0.311021729886
-0.532383293564
-0.604393597744
-0.386762162427
-0.247255779268
-0.191692083443
-0.21269022004
-0.274658974498
-0.369141758483
-0.415897562622
-0.390915860733
-0.388003805594
-0.418664360233
-0.41484682733
-0.374259646247
-0.344570378316
-0.334081408303
-0.3333311009
-0.345852473039
-0.418272987941
-0.512359013899
-0.559004813204
-0.560250276648
-0.555800975426
-0.560851599717
-0.569064120718
-0.591625663995
-0.621600715481
-0.671273326702
-0.724723010543
-0.792721325285
-0.855193843062
-1.16501534806
-1.23457305353
-1.16621941948
-0.995788366756
-0.789022313937
-0.663824118953
-0.603209956537
-0.527859015357
-0.498632501343
-0.525034867107
-0.557729482801
-0.573111745467
-0.629421174897
-0.764496134355
-0.940745064631
-1.10254035353
-1.28105473935
-1.38804124868
-1.26831849799
-0.994026359061
-0.718261737411
-0.415782247997
-0.145283587151
0.0239272602354
0.107858992069
0.126028508818
-0.0255327744854
-0.24346685454
-0.45886743569
-0.634801515745
-0.734901385744
-0.656869859856
-0.51890168369
-0.430436692552
-0.410719251649
-0.382121077094
-0.353657633886
-0.334436727609
-0.307473320914
-0.237974084693
-0.203481966165
-0.217290964818
-0.231988039734
-0.221843973845
-0.174319023874
-0.061996217694
0.00298360326429
-0.0515762810832
-0.188512560387
-0.392563000649
-0.61925327619
-0.761543645188
-0.792036342007
-0.743207964605
-0.65287170573
-0.602826540203
-0.590799745815
-0.569241091078
-0.544094025648
-0.546935277454
-0.551026221857
-0.531147798454
-0.543801553717
-0.618241129051
-0.711302635813
-0.804903885854
-0.920780428326
-0.982646666617
-0.939593583103
-0.841734722479
-0.726217150175
-0.575578728537
-0.427236394635
-0.352631455761
-0.334419045761
-0.33746721083
-0.367037361386
-0.360375650164
-0.287078408761
-0.292012450844
-0.417368310469
-0.535304049454
-0.66134899298
-0.79679825623
-0.76699359773
-0.562415061898
-0.36841716483
-0.223367264887
-0.106869760624
-0.0487721629025
-0.0212422944862
-0.00681675013867
-0.0552635921384
-0.13191676911
-0.175314143401
-0.240615076553
-0.375935461483
-0.526739357662
-0.687418026383
-0.882304911006
-1.04878335484
-1.11965993528
-1.11384258932
-1.11913126142
-1.1521007782
-1.15176863748
-1.12207817791
-1.13354335307
-1.10784074345
-1.00553796734
-0.920358610784
-0.859992333062
-0.715181246161
-0.615919946744
-0.720650802369
-0.996620415464
-1.29970387411
-1.64434127346
-1.92273918807
-1.98738183886
-1.83078258366
-1.59938297215
-1.34053402145
-1.0726820712
-0.852569361854
-0.75986798184
-0.799359373104
-0.883005134437
-0.922921456701
-0.898197420895
-0.8302839025
-0.754592668966
-0.761824530743
-0.685919815299
-0.588641707356
-0.603529512002
-0.64826121462
-0.662064550036
-0.628628663536
-0.53747740401
-0.365381763164
-0.237141945428
-0.253898362915
-0.308912355928
-0.354003805594
-0.458837679732
-0.559122084704
-0.577824732301
-0.618092723008
-0.72547479873
-0.798649850188
-0.756895964952
-0.623868630245
-0.464615432843
-0.303417237859
-0.154055992499
-0.122171383068
-0.246335403081
-0.321903783707
-0.274603972081
-0.272440454414
-0.350371421011
-0.411092328746
-0.539600715481
-0.750302597841
-0.870156540021
-0.870614953784
-0.822843497702
-0.754056559021
-0.718840460188
-0.715516348453
-0.661082269855
-0.595974294925
-0.570148338773
-0.530141072107
-0.517121471356
-0.562384038357
-0.605097603481
-0.638875934883
-0.683908299036
-0.68520611873
-0.595976175856
-0.489203881509
-0.39865836115
-0.354474515469
-0.376931270302
-0.510769802912
-0.644101292315
-0.715735391327
-0.745669237737
-0.77971528823
-0.822906289576
-0.446856462662
-0.239725791123
-0.223134891963
-0.279712113512
-0.330964712178
-0.26436230847
-0.157577829012
-0.0829144588608
-0.0560535683327
-0.0871268688603
-0.210576599401
-0.334342745692
-0.446617202774
-0.54536877776
-0.603668983648
-0.607592759523
-0.641242247661
-0.698387543161
-0.744239639466
-0.717302057522
-0.640629241828
-0.541069039162
-0.449928662107
-0.401229127969
-0.457591024649
-0.537843716788
-0.546681820079
-0.454572726538
-0.3111748499
-0.218574216123
-0.254381333845
-0.410658250149
-0.634752010064
-0.815165147299
-0.869923877951
-0.824928256077
-0.706910106939
-0.56501588262
-0.520598907579
-0.541376733718
-0.527396763787
-0.479567846065
-0.447239356205
-0.380998960178
-0.292112542845
-0.233046117637
-0.223199331123
-0.222942912179
-0.223455750068
-0.238020944206
-0.186435103735
-0.0866749214709
-0.0152637031391
0.0308786687634
0.172073060998
0.256245837263
0.0882172729439
-0.234244569679
-0.513232556829
-0.789546758646
-1.07561715303
-1.14280653342
-1.02695725263
-0.935529041742
-0.921578360478
-0.884279273201
-0.843858069007
-0.80314381459
-0.755700661424
-0.714453428049
-0.695927826758
-0.695378357591
-0.695378357591
-0.695927826758
-0.713317858438
-0.716374090466
-0.681932055911
-0.636282567772
-0.598761922898
-0.610808169064
-0.670683741898
-0.749003977854
-0.805044335938
-0.829867718951
-0.719578617536
-0.525465107898
-0.328220666748
-0.161518708443
-0.0474729646243
0.00976678008269
0.0555025921247
0.132920498832
0.188577551582
0.239825754595
0.259510904373
0.255439990039
0.247669001248
0.299192105344
0.344414892553
0.321865423386
0.23025748497
0.0974237218324
-0.0147976488198
0.0910203163174
0.565316111939
1.43266532976
2.42599362383
3.29620879953
3.63535393733
3.24837070786
1.75117374871
0.771430827829
1.82821280401
2.44620513133
3.06016181156
3.70118909659
4.34385173063
5.01317348237
5.59365936222
5.70421183384
5.44823942852
5.064798133
4.58951963079
4.22948568074
4.19030654619
4.38310446074
4.60948538279
4.79127372043
4.79593995875
4.66866751397
4.33236862832
3.99792413455
3.94278712801
4.10313657669
4.15432642437
4.20809119207
4.28850889146
4.26009957444
4.01932653245
3.64190189648
3.20652756649
2.78493818032
2.32299315945
1.97312891309
1.92128708008
1.97916850011
1.81814293533
1.49317563249
1.14463636827
0.735767498494
0.379225628996
0.231354729317
0.227398551317
0.240742225831
0.263401588831
0.297884372817
0.310543157525
0.270231157873
0.172754521943
0.0646068402492
-0.0561701505412
-0.180162083582
-0.242756718276
-0.255785320567
-0.29741224347
-0.257698062082
-0.0411212961801
0.183263054735
0.326892813594
0.416402231351
0.303408031845
-0.166696852915
-0.674810572786
-0.510304683246
-0.40016899099
-0.327919605067
-0.293752416095
-0.301846398011
-0.350790799775
-0.448464389434
-0.572432837217
-0.721328218119
-0.780099154326
-0.492908316564
-0.260898494359
-0.164212532644
-0.17984410529
-0.297512411414
-0.36849653747
-0.394745467746
-0.435229052024
-0.432367583205
-0.336102127664
-0.246577177692
-0.167412465471
-0.0510383077357
0.0543443462774
0.089486493263
0.0408541466526
-0.0789162287912
-0.224077214207
-0.354327412066
-0.498578112273
-0.601483479037
-0.62735882987
-0.636324695786
-0.665005969786
-0.648871629786
-0.556247239134
-0.432801048455
-0.324858621095
-0.259210902887
-0.247497954026
-0.369352976844
-0.562022644024
-0.711096803188
-0.78725067091
-0.840528349535
-0.825321474243
-0.77692952366
-0.748148192716
-0.745187823535
-0.740518734647
-0.740921678702
-0.760289799382
-0.830389856326
-0.956398279575
-1.11134497406
-1.25154627959
-1.31865975125
-1.27493580892
-1.19905788786
-1.11674434028
-1.02094517852
-0.966283467297
-0.95371812127
-0.828651117771
-0.618441856286
-0.43400930233
-0.264100468734
-0.157161508206
-0.178463854999
-0.281465364956
-0.364094860997
-0.444308929927
-0.516865163413
-0.607544445481
-0.69144435348
-0.791452087438
-0.890835430743
-0.945143014298
-0.900333586326
-0.813083315437
-0.70993028598
-0.598435781259
-0.477438500455
-0.422937158385
-0.413555193664
-0.441679509829
-0.498635649857
-0.60592294337
-0.679513310939
-0.699850837397
-0.692298368689
-0.676151265286
-0.618357021967
-0.518711949926
-0.487144147592
-0.60552076455
-0.810085234341
-1.00948611344
-1.23359390434
-1.42711266828
-1.48314250018
-1.44273659456
-1.41608587681
-1.41469388825
-1.39312366175
-1.28779474257
-1.09098661724
-0.882619948173
-0.710487021813
-0.540751618718
-0.451818154926
-0.508243699274
-0.625120782064
-0.70785210498
-0.808290880021
-0.88143736716
-0.815978302077
-0.641091493397
-0.522319943842
-0.498455241836
-0.531863916273
-0.656468706175
-0.802366657299
-0.667315416744
-0.495371713073
-0.420442022787
-0.486011837496
-0.629684784564
-0.730957731689
-0.81238055684
-0.789399076952
-0.694098108744
-0.650929056369
-0.653260040509
-0.614247706425
-0.573830918329
-0.579712303301
-0.500650983483
-0.429006080787
-0.467254765774
-0.531510308482
-0.484127041121
-0.438820500232
-0.351601585887
-0.176402666554
-0.0738289381655
-0.153404007166
-0.288543583928
-0.431973249343
-0.628770959495
-0.814774464299
-0.944823134631
-1.0599574016
-1.20378197917
-1.32041255585
-1.36852783542
-1.35885574699
-1.33365487078
-1.27363053561
-1.15414467614
-0.989619875144
-0.869967349492
-0.843566286368
-0.864628593423
-0.950213242255
-1.12040001445
-1.31335378866
-1.35976910477
-1.28080312785
-1.1275367757
-0.960382870005
-0.743032261827
-0.555359519162
-0.422091788427
-0.366945225344
-0.36995990765
-0.434099055094
-0.555722794426
-0.713592648522
-0.84998987384
-0.919397663312
-0.942148549006
-0.941558219409
-0.938015476589
-0.922932450173
-0.871850113048
-0.798239026118
-0.71846384323
-0.642907069425
-0.565453612079
-0.506031178273
-0.491041631426
-0.575835725773
-0.712025459536
-0.777676215258
-0.790961236493
-0.840880707271
-0.897953820854
-0.894311675326
-0.919736457353
-0.99387994495
-1.03570886267
-1.00011926034
-1.00244579332
-1.05586461132
-1.07234012864
-1.04332671392
-1.03645620851
-1.0400318558
-1.02473453845
-0.97145318852
-0.876062233902
-0.786020599507
-0.790109625007
-0.825411171507
-0.80338441509
-0.82701280125
-0.828917896396
-0.75498022098
-0.622922981342
-0.502253425162
-0.420006843108
-0.37731949408
-0.393959218358
-0.440453106816
-0.469529947204
-0.470409097871
-0.470409097871
-0.470299204038
-0.467502539468
-0.490208837926
-0.559440159384
-0.637589032717
-0.684017503578
-0.679578617536
-0.624111596495
-0.539602596412
-0.483466486482
-0.482164939982
-0.544726483259
-0.6301372343
-0.654667754037
-0.58938938612
-0.481878578135
-0.374050852052
-0.299857391483
-0.295447180761
-0.360755304636
-0.413984277872
-0.41067339683
-0.342280476609
-0.279842671206
-0.236209784276
-0.236655936984
-0.274615076553
-0.356313959372
-0.44001107226
-0.506045822607
-0.559858326065
-0.622705652898
-0.675936974356
-0.694828888425
-0.695378357591
-0.695378357591
-0.694352681814
-0.660350333592
-0.602587803106
-0.547656909537
-0.489797359621
-0.424566038163
-0.383528790622
-0.296944682109
-0.127446637527
0.0349329059442
0.148604270026
0.225383252748
0.205468700415
0.0692973377909
-0.0760938504719
-0.180018595985
-0.244283549179
-0.268668122095
-0.262820143942
-0.248994766081
-0.203098584887
-0.110764785235
-0.0417507922217
-0.0540084028052
-0.081883286347
-0.11318479779
-0.261744460136
-0.475769297649
-0.582831382704
-0.591655530953
-0.537462181385
-0.412510457455
-0.29493188365
-0.244839782665
-0.244011294262
-0.316864620178
-0.371155824525
-0.279432384539
-0.0816506242771
0.0977521357491
0.247963745456
0.319157857345
0.231833821554
0.0867869240679
0.0392437139579
0.0460062064719
0.0634726141656
0.203882024595
0.379816028706
0.440692498149
0.442062575704
0.490764569065
0.511844557968
0.496765147356
0.489693803704
0.49677979169
0.457013645399
0.313316643511
0.101850422763
-0.0541182206943
-0.104505831124
-0.0592652101805
0.232744725941
0.801352947618
1.43948217046
1.97400844927
2.35544458106
2.45538220098
2.25211258931
1.88166492373
1.46273024502
1.19062284546
1.11097842182
1.05734270178
0.901014509867
0.737451082743
0.535084524676
0.308724508927
0.217742339747
0.334911316178
0.489818210426
0.504628672336
0.351131939122
-0.0934464710256
-0.945195577936
-1.01636036319
-1.08961328897
-1.11525162594
-1.14658609735
-1.2468027365
-1.34881304068
-1.38921095529
-1.40623359356
-1.39114929956
-1.26819218989
-1.06766612131
-0.85577262134
-0.671532838661
-0.512149028065
-0.395730972385
-0.381009340302
-0.481787633732
-0.607763654856
-0.691579195827
-0.757985755688
-0.837326915479
-0.904386418666
-0.94878463995
-0.954365932951
-0.783943572174
-0.69063963948
-0.595342739808
-0.459771777316
-0.353002073636
-0.397139451149
-0.631362632619
-1.00864359405
-1.38470914593
-1.5984292154
-1.57661306108
-1.35278790522
-1.01071635426
-0.747602415298
-0.685797289508
-0.767148733035
-0.845837349646
-0.918808414353
-0.929546069354
-0.83440804052
-0.687260005452
-0.620422404508
-0.634474947703
-0.718661030605
-0.870358032492
-1.04685238824
-1.17143276995
-1.2122960087
-1.1663088831
-1.04319060399
-0.923362877909
-0.849560789632
-0.805269696285
-0.87518149145
-0.998475882284
-1.04909397591
-1.02124137726
-1.03567280969
-1.01350940302
-0.971948867352
-0.989680952589
-1.09229308219
-1.14877232631
-1.15539494703
-1.15672527985
-1.11450737312
-1.00095009696
-0.912898856409
-0.82271711366
-0.669030994244
-0.552352290467
-0.561216142565
-0.611921173439
-0.649767270661
-0.680918062897
-0.705924099952
-0.703198928008
-0.728258664841
-0.84194605184
-1.02537981496
-1.15403695239
-1.19462009999
-1.11660513734
-1.01450753962
-1.02992982445
-0.986212374818
-0.931169864186
-0.832264161577
-0.752990601104
-0.755115828563
-0.797386202549
-0.792576663577
-0.795612065243
-0.811657844118
-0.766153689452
-0.747844113965
-0.870676218173
-1.081679574
-1.28775995717
-1.49533419082
-1.64412405601
-1.67403968899
-1.56286102172
-1.35060905393
-1.09618995267
-0.852692632437
-0.632906567078
-0.498304087426
-0.463089869524
-0.470152678927
-0.469676472316
-0.444023257371
-0.356644832511
-0.212827521609
-0.0594968324996
0.048504324083
0.107988915971
0.101616025819
0.0439053492354
-0.0469015085134
-0.125739874694
-0.313104513858
-0.608271182954
-0.951605657214
-1.22598596592
-1.42634203286
-1.44175131192
-1.32370849461
-1.14355630342
-1.00760327394
-0.893673720979
-0.802331238104
-0.733842957383
-0.732048024771
-0.741389351063
-0.74267802316
-0.753438745744
-0.749221417299
-0.714441242938
-0.741319704313
-0.826419144993
-0.862356186618
-0.833185253312
-0.775370979924
-0.695594418452
-0.58441575119
-0.483577647898
-0.493765611731
-0.614388845801
-0.694623745092
-0.697234869994
-0.719057210341
-0.753606679508
-0.794704315201
-0.944440483533
-1.26674773409
-1.58846476604
-1.72496823433
-1.71251528225
-1.6530752776
-1.57075178213
-1.54359853067
-1.5808366515
-1.58415392297
-1.45080370614
-1.15064102382
-0.783203700396
-0.533149644329
-0.412855548524
-0.393506266274
-0.496683776954
-0.603783217634
-0.589998665148
-0.543149644329
-0.613465762133
-0.77856762698
-1.00258132496
-1.25571175413
-1.46382869263
-1.51881035946
-1.45011259525
-1.31705550459
-1.21898097445
-1.18066800516
-1.19874165906
-1.21560500881
-1.21292600709
-1.13579250535
-1.03777051841
-0.942068019784
-0.833439902326
-0.732783687841
-0.693748397175
-0.707244595883
-0.710973643605
-0.713338577799
-0.704890655161
-0.721889816896
-0.713574388383
-0.666833117577
-0.587355979301
-0.582140271814
-0.585169207107
-0.592931515592
-0.679942547036
-0.861856801423
-0.977786465381
-0.989384099617
-0.915313407284
-0.768479644146
-0.617379046883
-0.53986028294
-0.554688660342
-0.652418677703
-0.764319088049
-0.815438634743
-0.835776348146
-0.939212701936
-1.15431141827
-1.40843866095
-1.57248675299
-1.61416118964
-1.48092332586
-1.13305488541
-0.650927286439
-0.239895979636
-0.012855916583
0.0435616367496
-0.00477834893051
-0.14443871954
-0.340093593414
-0.50054639944
-0.588537140842
-0.632449233953
-0.648845991981
-0.615905950814
-0.577767959953
-0.602014653009
-0.702766619341
-0.806615754077
-0.894743797048
-0.948548455548
-0.958699788103
-0.926122966701
-0.894188617944
