-1.05352064487
-1.01316228806
-0.888542704847
-0.752165042308
-0.570568710712
-0.363158759963
-0.287200309686
-0.374981024366
-0.472739138754
-0.47291618506
-0.472301987587
-0.493684863602
-0.485748289268
-0.512628018226
-0.621717043725
-0.702687027794
-0.725541621293
-0.690815292767
-0.5959752326
-0.475455928337
-0.397774038074
-0.367829040491
-0.393786223185
-0.431581155796
-0.508477766309
-0.629469848322
-0.757928653432
-0.82077793714
-0.859540896945
-0.877489732334
-0.882109315542
-0.894999459681
-0.960130613194
-1.01477829343
-0.998814924708
-0.923883341847
-0.790142442016
-0.637036926308
-0.570157886642
-0.583189672503
-0.605680990739
-0.652588816725
-0.715567948391
-0.717326249724
-0.711878067113
-0.738911120558
-0.769179613613
-0.778905512821
-0.774979967015
-0.697358575905
-0.544845773073
-0.271150874118
0.106887456977
0.568345242709
1.07110379225
1.61996878916
2.13878400004
2.61423893521
3.05453953827
3.51417205714
3.88497092388
4.05101898086
4.13180273597
4.21861177259
4.26783307022
4.22592304498
4.10339736775
3.85705694983
3.42586992944
2.73267417039
1.99334818949
1.41281240679
1.03778698807
0.9156674034
1.01122724978
1.19119136613
1.36367660934
1.37252954391
1.22934776902
1.26740266044
1.47660523063
1.59358421624
1.67112073798
1.77939722205
1.68706088723
1.35770221209
0.990799170261
0.652960018472
0.310702775947
0.0448598622965
-0.126702764535
-0.253010424034
-0.344060434978
-0.43649682674
-0.623987493655
-0.842998227154
-0.954721632083
-1.04897840732
-1.16459756121
-1.22278472475
-1.2065845758
-1.15621710644
-1.02042973844
-0.893013490667
-0.875979969931
-1.08848285993
-1.17494293262
-1.2700247674
-1.40044763052
-1.50166980438
-1.57547612181
-1.6033821399
-1.55956775551
-1.47184077566
-1.42728649905
-1.43994882362
-1.43023579882
-1.3593915095
-1.27979456455
-1.23541668001
-1.18270861162
-1.14527380576
-1.08218127546
-0.969683660194
-0.869005645709
-0.866130724195
-0.900168623056
-0.994685468096
-1.11395833928
-1.15347652493
-1.083843527
-0.982424931
-0.915869965097
-0.90501960075
-0.899329065237
-0.835112426084
-0.749095357585
-0.627775083656
-0.488057829698
-0.433214229671
-0.514096920198
-0.647906275141
-0.793882874557
-0.910160591153
-0.957818613542
-0.95932049593
-0.962277138305
-0.958211831708
-1.06115675626
-1.17277207235
-1.21699724575
-1.20995515571
-1.20003756586
-1.13336858797
-1.03469400235
-0.971645948278
-0.348963155574
0.0860367187411
0.382547529642
0.555659009376
0.572991188071
0.476820906085
0.309672795073
0.104292711283
-0.0455972838833
-0.0484463806467
0.0933256537268
0.324525116295
0.628470359167
0.913506117123
1.06667809601
1.06777761264
0.992009696414
0.836221674179
0.552153663071
0.2367680066
-0.0636521402432
-0.3729956687
-0.634414731989
-0.733816411377
-0.762385986557
-0.827168006793
-1.13242340636
-1.38002899655
-1.53687099599
-1.51226505243
-1.39746458511
-1.16015079515
-0.985777607054
-0.967114347903
-1.04022321653
-1.02664099186
-1.13472571518
-1.25520907746
-1.29991341904
-1.21072571518
-1.20424516841
-1.37520523965
-1.37143179164
-1.26818159669
-1.22154552328
-1.20753218158
-1.19484284062
-1.26596799505
-1.4159983293
-1.53676009747
-1.62752305727
-1.6475249382
-1.52559458495
-1.290402576
-1.03404751375
-0.767128524946
-0.624834207141
-0.658301450183
-0.799960944556
-0.916810228265
-1.00476415144
-1.00643161937
-0.968721521083
-1.0020518539
-0.970327724625
-0.862515408112
-0.786575217973
-0.793579596099
-0.867581255028
-0.957260686069
-1.06071837257
-1.09989303268
-1.06825196779
-1.04538272996
-1.08436558843
-1.16444973346
-1.2825760065
-1.42103127175
-1.5444578237
-1.57059708215
-1.4939718912
-1.37053326514
-1.28969920405
-1.21429171253
-1.18166691293
-1.16696268235
-1.17188062557
-1.15335394364
-1.14058772432
-1.14945223065
-1.25271703487
-1.39102765594
-1.47174552616
-1.53611103865
-1.5668963184
-1.53495905477
-1.51298910868
-1.54037856206
-1.54007636424
-1.56618310956
-1.60468437569
-1.57306218429
-1.45675894088
-1.29058396246
-1.13659253176
-1.00753055771
-0.878706409459
-0.809991652695
-0.890444493778
-0.998632457611
-1.05706454428
-1.10610671026
-1.18186363301
-1.26080671169
-1.29039650097
-1.24666941012
-1.21148198661
-1.1846065978
-1.04967570424
-0.862492118528
-0.747843895057
-0.623031464628
-0.432320358726
-0.280882235006
-0.204914672187
-0.155360935896
-0.132601591896
-0.191634423339
-0.341000663089
-0.564974692281
-0.806068490168
-0.998162250083
-1.05790767701
-1.02367324501
-0.971005534708
-0.968786325333
-1.05404386289
-1.19080378518
-1.27518520958
-1.26938604782
-1.15954928514
-0.80021559357
-0.716651740044
-0.736798656501
-0.805816487321
-0.870311923709
-0.872143487597
-0.867531860348
-0.873515948431
-0.886876113153
-0.940932196208
-0.946909706917
-0.921759381972
-0.931605701195
-0.945084218056
-0.925968865458
-0.842819375862
-0.733075905807
-0.650897089572
-0.586321515309
-0.526834353198
-0.535096268878
-0.627193288308
-0.762311456418
-0.935609819347
-0.937686919709
-0.93917751068
-0.906322525834
-0.889970635389
-0.695669272918
-0.613720846475
-0.668668154308
-0.791199830626
-0.953992546389
-1.02804086043
-0.874192993278
-0.826451871445
-0.813216320834
-0.86895859925
-1.03917393576
-1.29551243186
-1.47354157447
-1.50658362945
-1.47093591125
-1.35419074429
-1.16305409404
-1.04595418607
-1.0620816858
-1.06216113439
-1.06914142264
-1.12940344932
-1.1868843144
-1.18750281697
-1.18706324164
-1.17430566757
-1.17142159846
-1.180190277
-1.17650827573
-1.13618174275
-1.07483925987
-0.969176430042
-0.839290664028
-0.720829902044
-0.617251830586
-0.501372250601
-0.420652499449
-0.386573851158
-0.380142810074
-0.434311900421
-0.604310410836
-0.768314026641
-0.865048778417
-0.921357238209
-0.977397298347
-0.975697223889
-0.959782560555
-0.938463443209
-0.92973985425
-0.882849318765
-0.823541586237
-0.78442634464
-0.807327984598
-0.880286975195
-0.953910247236
-0.973555506222
-0.979045705847
-0.976621464139
-0.913351052181
-0.836610657612
-0.868907247695
-0.946794316348
-0.976280678166
-0.939136258903
-0.947949805027
-0.968039779792
-0.963695845305
-0.935783939139
-0.820814457417
-0.760036274988
-0.737517251071
-0.732111996766
-0.774199103362
-0.801276744043
-0.782106891376
-0.710894630349
-0.620937371711
-0.493804559268
-0.43373060742
-0.475502974796
-0.546702974767
-0.533261089184
-0.468989949962
-0.332012231936
-0.131720484354
0.0795099258106
0.20463319931
0.25098171924
0.252337076517
0.252593495462
0.26137797492
0.284862677809
0.300207543962
0.235130125282
0.0853121250882
-0.109470251438
-0.327126971186
-0.551356841031
-0.69332440385
-0.75062464771
-0.766787084738
-0.73491534971
-0.669409238169
-0.611317826475
-0.557580933795
-0.506430830851
-0.480970498185
-0.428106178796
-0.39506094024
-0.45488573981
-0.555745830045
-0.650904356238
-0.749322522919
-0.77549949328
-0.692172998266
-0.60969021428
-0.600643819142
-0.636992952419
-0.649290231794
-0.597156581086
-0.486773889101
-0.322313816408
-0.156732783381
-0.100909864743
-0.148356090479
-0.163081262424
-0.0790270602993
0.0472225592693
0.208034300406
0.421176412335
0.684636412
0.959292982775
1.15825685676
1.25437929199
1.24017375732
1.1119154925
0.871501385623
0.648060037444
0.42249152253
0.219940207489
0.0865827239912
0.000903217005972
-0.155967679757
-0.23655320191
-0.152669673118
0.0502872145466
0.342906727641
0.811072038526
1.2287696187
1.38317634791
1.24943740495
0.92764772379
0.500701438251
0.255651111905
0.446308296029
0.947674892068
1.56664387713
2.12844462771
2.51287312186
2.64187584689
2.81765576711
3.26224395871
3.8742004754
4.33465783182
4.57579660829
4.48291398787
3.85663516735
2.9776817612
2.31435061657
1.90952853036
1.65581326834
1.65033152702
1.81061719957
2.05991888036
2.35905499321
2.69911482636
3.00029660708
3.21686892183
3.27964975042
3.2362757066
3.25065440889
3.1542863029
2.83866519213
2.47723496603
2.21507067729
1.7562638722
1.3555392026
1.30350243704
1.47518326412
1.60983698432
1.78227033857
1.99737563228
2.16289812303
2.23008847306
2.23206656206
2.23210319333
2.23445182426
2.27629123311
2.41738395036
2.70557335112
2.99566856556
3.26416855234
3.5406050551
3.74002031564
3.64216536877
3.40105536102
3.03185790798
2.64291337477
2.39286580268
2.36948650158
2.43595413889
2.64956101412
2.70170110792
2.39867001135
2.05026954411
1.97220115911
1.93609256792
1.86799305421
1.94603076613
2.07608696018
2.07908431693
2.08851496958
2.32216227885
2.61682261148
2.75523014098
2.70748555523
2.67098548075
2.66087258446
2.50875868347
2.30422443693
2.17403861109
1.94820846084
1.61977536948
1.50948803799
1.64893592266
1.83679094548
1.95418586054
2.00755929102
1.92531647082
1.5976922642
1.13517260365
0.769082640652
0.461962083433
0.123461763657
-0.13388353473
-0.268220839186
-0.276742433326
-0.149441389173
0.0793622090604
0.288832232559
0.512112113348
0.765928810902
1.0266830904
1.26364320252
1.53142738695
1.78490391188
1.88721706811
1.87590253621
1.826701882
1.67810609073
1.40474437808
1.13507008748
0.922248620456
0.812922551845
0.741067453083
0.610527131514
0.438305795919
0.312724686947
0.199410488046
0.161530686059
0.24864730624
0.399593235488
0.4482600521
0.452077941293
0.515999871293
0.58510657864
0.553961861431
0.471714701085
0.297501245504
0.00647098428327
-0.272667289839
-0.476496061504
-0.609903850976
-0.6456064606
-0.6162658236
-0.565530271531
-0.455576237352
-0.394606720573
-0.464576199379
-0.516886242157
-0.482340388795
-0.434425369171
-0.302823540839
-0.0535197571185
0.159309665866
0.283802140684
0.338024387573
0.274426753337
0.116878122435
0.0107531169776
0.0176798164499
0.0717371670886
0.132783451227
0.215760123671
0.238138043268
0.115373202533
-0.0315240213278
-0.0440008062302
0.0341584822834
0.150367130421
0.371010937794
0.650683569459
0.926564662317
1.20670604698
1.36405875809
1.24748983715
0.979119628219
0.703757261333
0.400124018114
0.192469535586
0.13469634463
0.132591071296
0.100593717463
0.133147304782
0.220813470073
0.440110343418
0.774251225736
1.1315113568
1.41505630179
1.60550961016
1.56971555378
1.37490239901
1.16069650804
0.980224063289
0.851283443831
0.846174703665
0.838841368388
0.693708369
0.441096963752
0.192899420087
-0.0183805717024
-0.186366394659
-0.304376587839
-0.329656912631
-0.308333846477
-0.28515026077
-0.258913293603
-0.194099058187
-0.159528180368
-0.153460525549
-0.158106248909
-0.0916681631607
0.0197317813533
0.134985557046
0.30680402453
0.546967431196
0.670718243862
0.710226668568
0.808691881707
0.881415862012
0.886968295664
0.952484133095
1.01086009582
0.885861436429
0.635163894222
0.396473151391
0.217915948268
0.162560088643
0.302868752836
0.478447939988
0.47427508778
0.3005945761
0.0559526496583
-0.244379736353
-0.494230530018
-0.569732879698
-0.532393510281
-0.485990677226
-0.425668373393
-0.34673256138
-0.289137386367
-0.255703959089
-0.224593524937
-0.233793711853
-0.304528107339
-0.379973030436
-0.400855218616
-0.406113445463
-0.434929059463
-0.466010818296
-0.460615868171
-0.467889317643
-0.511882553323
-0.495484025365
-0.467649967198
-0.553766047059
-0.715445869446
-0.854243077251
-1.02209387092
-1.15969700189
-1.20169746918
-1.18673356014
-1.14501749782
-1.03777764211
-0.890506762862
-0.742027051446
-0.594756172197
-0.48751631649
-0.448474337449
-0.520085815725
-0.641555295989
-0.725123454613
-0.752531933377
-0.784859658001
-0.747997797836
-0.662523399127
-0.614547378003
-0.610376406725
-0.609840968544
-0.648529006864
-0.719530125474
-0.79192323264
-0.87667096982
-0.950666051375
-0.984004807444
-0.984517645333
-0.968344904125
-0.928891335778
-0.886603204
-0.837157013321
-0.767472663835
-0.687974619252
-0.617724310392
-0.50944120806
-0.350119555547
-0.163669898035
-0.00225849275791
0.150858483713
0.290548908226
0.404005905433
0.395479223503
0.287256976614
0.171691277213
0.0777279435469
-0.0655129927992
-0.171577107757
-0.226796711395
-0.314805245644
-0.409139734588
-0.450852648393
-0.481449164018
-0.483242829046
-0.460886820448
-0.435692241269
-0.381358832963
-0.293200923033
-0.252119666547
-0.232110051659
-0.24102622495
-0.256088643006
-0.268472526631
-0.287998855186
-0.38661528988
-0.514646313421
-0.58954853167
-0.599928875433
-0.600975194628
-0.511490713741
-0.344383317102
-0.271620357297
-0.316685549978
-0.270490821826
-0.0898364882711
0.168281682754
0.557027281945
1.08017878676
1.55841382034
1.80560709688
1.76987519859
1.52622524316
1.18024228837
0.894389035483
0.83447755572
0.885327300888
0.7454100615
0.149028520409
1.79776984945
3.45240074114
4.15226305989
4.25393832012
3.85528353688
3.18906976006
2.37662283643
1.8074601512
1.58978008352
1.73118235866
2.10872437713
2.56589141997
2.80104767389
2.80932824105
2.58252974821
2.30387530365
2.14599840489
2.11355994525
2.03482497147
1.92332988846
1.73162742489
1.36915462386
0.889399336748
0.443099498918
0.110861708171
-0.0790598888272
-0.0686205004387
0.0603129633529
0.206833926545
0.288000128351
0.339353996044
0.378716806933
0.492897784445
0.597749451432
0.570470394223
0.417521818807
0.233295599824
-0.000530823619214
-0.248064699187
-0.380147652575
-0.418857566838
-0.444475529088
-0.515162767114
-0.617671188906
-0.639043649739
-0.539765860114
-0.433862523254
-0.332683090756
-0.143063078229
0.0262921680478
0.117493400546
0.200448851282
0.268429212559
0.233491519615
0.155298059046
0.0757097593526
0.0514666821019
0.139016189241
0.343476074989
0.495814290738
0.52385738839
0.416633053253
0.244173371906
0.0210443213252
-0.184021490535
-0.344825965005
-0.491026657184
-0.670181643516
-0.878905980111
-1.07144373146
-1.22504909965
-1.31032381671
-1.343955623
-1.3449446675
-1.34314973489
-1.28242763551
-1.1398825065
-0.94045548725
-0.752068490168
-0.56120558442
-0.393708042185
-0.263182662895
-0.188330341673
-0.109419086827
-0.0749220498542
-0.125217559299
-0.214849867937
-0.241114821131
-0.230215529395
-0.202207684437
-0.14930781441
-0.0858098457712
-0.136757731895
-0.274947576659
-0.345203195311
-0.320543908255
-0.312638503519
-0.228309044021
-0.0617498489653
0.0501973858387
0.0797962876577
0.0819367377415
0.00862242783914
-0.0753603926607
-0.0526753918551
0.0553653575748
0.156415870866
0.197732137643
0.203217418823
0.209237057546
0.250079465934
0.354677716433
0.568716473931
0.804083794319
0.941961493373
0.971359556956
0.968860171761
0.935893225206
0.891931124067
0.923386462345
0.988607403678
0.919896876068
0.770105167915
0.712245729
0.713541200472
0.712809229152
0.841819962651
1.02782842096
1.04684653212
0.869831569471
0.643949062972
0.453867564113
0.461364341112
0.649910083473
0.851258921721
1.01995054079
1.25941292373
1.42352289351
1.50177210413
1.49772607997
1.34598242297
1.06193470482
0.938758888122
0.975933156887
1.21578546342
1.72202002971
2.21097792207
2.27064133019
1.94922168861
1.37302469995
0.681840904013
0.11748697506
-0.186366318715
-0.313941241658
-0.284987245451
-0.20704340445
-0.213601518867
-0.327057937783
-0.409112829199
-0.410875937977
-0.389589614102
-0.359432206519
-0.282935280547
-0.202520262381
-0.177412287451
-0.227078768145
-0.293583071784
-0.299035950839
-0.238095909673
-0.173566003284
-0.0615308615913
0.0201102032981
-0.047430769591
-0.24958560695
-0.533789038697
-0.722954942558
-0.44182335681
-0.0545607665218
0.303272923587
0.489868492863
0.561867190223
0.559492454196
0.4057178496
0.211122823559
0.112254812422
0.00859621174216
-0.120944071855
-0.202052514076
-0.24376199902
