-0.18807566165924072
-0.1409206986427307
-0.21308749914169312
0.011214968748390675
0.4414413869380951
0.0897212028503418
-0.45069876313209534
-0.11654005944728851
0.11401468515396118
0.0824068933725357
0.3891162574291229
-0.058469194918870926
0.3245033323764801
0.20674863457679749
0.15506131947040558
-0.08283128589391708
-0.1857811063528061
9.751004981808364E-4
-0.06046410650014877
0.12141620367765427
0.026331188157200813
-0.06821388751268387
-0.05603286996483803
-0.39301738142967224
-0.7167335748672485
0.15018516778945923
0.1253168284893036
0.09606008976697922
0.37887683510780334
0.10378264635801315
-0.1627388447523117
-0.02679840475320816
-0.11011668294668198
-0.05457119271159172
0.5524669885635376
-0.1618882566690445
0.1721281260251999
0.0838056430220604
-0.1573791652917862
-0.48615166544914246
4.876955645158887E-4
-0.004872648511081934
0.008283037692308426
0.17310315370559692
-0.04534842073917389
-0.10971347987651825
-0.0214387234300375
-0.10434965789318085
0.19358296692371368
-0.22461850941181183
-0.00926476251333952
0.008770360611379147
-0.26721280813217163
-0.012190360575914383
2.8237764835357666
-0.19358287751674652
-0.07070419937372208
0.01706644706428051
0.37663835287094116
-0.007314270827919245
-0.09362214058637619
0.13691508769989014
-0.06631552428007126
0.33547917008399963
0.28308770060539246
-0.0034132893197238445
0.6494940519332886
-0.34058240056037903
-0.17784352600574493
-0.07552260160446167
-2.8237764835357666
-0.8728304505348206
-0.21357539296150208
0.1574995070695877
-0.23551800847053528
0.38004904985427856
0.2455700933933258
-1.0981078147888184
-0.5179383158683777
0.020967721939086914
0.45752063393592834
-0.16920238733291626
0.25921282172203064
-0.002436324255540967
-0.009744719602167606
0.06967584788799286
0.0209514107555151
-0.1048373430967331
0.11361417919397354
-0.14628461003303528
-0.3186563551425934
-0.2148737907409668
0.379364550113678
-1.5413494110107422
-0.06967559456825256
-0.34133005142211914
-0.3232886791229248
0.10142382234334946
-0.3225547969341278
0.14677195250988007
0.22461870312690735
-3.310811758041382
0.006338879931718111
-0.008289370685815811
-0.18125392496585846
-0.12921804189682007
-0.1716405600309372
0.11937437206506729
-0.2952688932418823
0.17456595599651337
0.28308770060539246
-0.24722078442573547
-0.006334326695650816
0.26428723335266113
0.08338198810815811
-0.060464341193437576
0.2282034456729889
-0.262336790561676
-0.006334036588668823
0.1969965398311615
-0.10483711212873459
0.03361978009343147
-0.28525424003601074
-0.005359683185815811
0.24624517560005188
0.022430216893553734
0.1296064704656601
-0.01950463466346264
-0.5275988578796387
0.0029236471746116877
-0.18271589279174805
-0.2494681030511856
-0.036571063101291656
0.17456595599651337
0.21048875153064728
0.3625081181526184
-0.1550612598657608
-0.0048763747327029705
-0.23795607686042786
0.28769272565841675
-0.020480016246438026
0.2767535150051117
-0.1369151622056961
0.2286914438009262
-0.04823685809969902
0.35081443190574646
0.07704314589500427
-0.035081442445516586
0.1315554678440094
0.797127902507782
0.7635087966918945
0.3732273578643799
-0.1862688958644867
0.07990788668394089
-0.25599753856658936
0.05266239866614342
-0.1082504391670227
0.18271589279174805
-0.25209659337997437
-0.019992031157016754
-0.10329537838697433
-0.18515193462371826
0.2197461575269699
0.21455039083957672
-0.025355808436870575
-0.38570311665534973
-0.09703538566827774
0.7085045576095581
-0.17456595599651337
0.019992031157016754
-0.132042795419693
0.00536377914249897
0.09606004506349564
0.0375174917280674
-0.25190454721450806
-0.1325301080942154
-0.08386972546577454
-0.14276181161403656
9.753911290317774E-4
-0.08289457857608795
0.020480025559663773
0.06480323523283005
0.1252213716506958
-0.18758824467658997
0.22461870312690735
0.006826575379818678
-0.1472596526145935
-4.870327247772366E-4
-0.0838056430220604
0.15055787563323975
0.1423836201429367
-0.1184903085231781
-0.12336668372154236
0.2794034481048584
0.5368641018867493
0.12229778617620468
-0.2360055148601532
-0.06143949553370476
0.27334296703338623
0.002437896328046918
0.09459725022315979
-0.0799076035618782
-0.4188607335090637
-0.22186456620693207
0.29110586643218994
0.5524677634239197
0.5188223123550415
0.6860368847846985
-0.04729864373803139
0.3878445625305176
0.05851387605071068
0.432026743888855
-0.007801675703376532
0.5432024598121643
-0.09996102750301361
-0.30306491255760193
-0.4646965563297272
-0.12824277579784393
0.008777067065238953
0.16822706162929535
0.4300761818885803
0.08916528522968292
0.00926476251333952
-0.10532479733228683
-0.15348123013973236
0.2077237218618393
-0.35254520177841187
-3.6907551288604736
-0.15007048845291138
-0.04238985478878021
-0.013642724603414536
0.019002407789230347
0.36961209774017334
0.27989062666893005
0.22851669788360596
-0.3074500858783722
0.2520967423915863
-0.2915935516357422
0.24654433131217957
-2.1117072105407715
-0.1882191002368927
-0.07265475392341614
-0.2769651412963867
0.16517488658428192
-0.049698539078235626
-0.24429477751255035
-0.6031794548034668
-0.11995311081409454
0.1019115149974823
-0.04534813016653061
-0.06972858309745789
0.4076460599899292
-0.9903457760810852
0.21974633634090424
-0.14043307304382324
0.014130041934549809
-0.8796569108963013
0.10337460041046143
0.3349919319152832
0.028281692415475845
-0.004388097673654556
0.10337401926517487
-0.05846887826919556
-0.08533277362585068
-0.161277174949646
-0.16663655638694763
0.038005415350198746
-0.07021602243185043
-0.076067715883255
-0.06431616842746735
-0.0048763747327029705
-0.13204245269298553
-0.3086601197719574
-0.2545352280139923
0.084292933344841
-0.01169342640787363
0.27285608649253845
-0.2530718147754669
-0.022900693118572235
-0.37809985876083374
0.033645179122686386
-0.15007062256336212
0.01609133742749691
0.052174706012010574
0.4091087579727173
-0.3974061906337738
-1.102009654045105
-0.16761121153831482
-0.3517884910106659
-0.2574606239795685
-0.23551800847053528
0.10434936732053757
0.5071196556091309
0.24234430491924286
0.555392861366272
0.10825034230947495
0.23161713778972626
-0.03998435288667679
0.10191156715154648
1.0015599727630615
-0.02826009690761566
0.1939222812652588
-0.28601136803627014
0.052174996584653854
-0.2942941188812256
0.17554134130477905
-0.14092053472995758
0.3581230938434601
-0.022430216893553734
-0.1330171525478363
0.04531349986791611
-0.021438732743263245
0.5666621923446655
0.6231712102890015
0.016578733921051025
0.06675223261117935
0.6046678423881531
-0.1297055184841156
-0.3008583188056946
-0.1724836528301239
9.746463038027287E-4
-0.7860344052314758
-0.00925739761441946
0.027794288471341133
0.24722066521644592
-0.15348123013973236
-0.151532381772995
-0.04482617974281311
0.21455028653144836
-0.019504625350236893
-0.11897795647382736
-0.16383861005306244
0.13165606558322906
-0.2257656455039978
0.3303500711917877
-0.04531349986791611
-0.19797155261039734
-0.0823439285159111
-0.16371320188045502
0.03897944465279579
0.2711135447025299
-0.7392237782478333
-0.11450206488370895
-0.008770364336669445
-0.15506139397621155
-0.3522762656211853
-0.14227455854415894
-0.13886409997940063
0.07996898889541626
0.11986169219017029
0.10532450675964355
-0.10873808711767197
0.17589424550533295
0.08331827819347382
-0.02974448911845684
0.006826572120189667
0.4798128008842468
-0.4095962643623352
-0.18919441103935242
-0.13214370608329773
0.06918827444314957
-0.25258415937423706
0.9174765944480896
0.05315012112259865
-0.021942803636193275
-0.25989869236946106
-0.22283977270126343
-0.2403939962387085
0.35693368315696716
0.13994573056697845
0.2996540665626526
0.09069621562957764
-0.21731001138687134
-0.10727529227733612
-0.37030431628227234
0.06924117356538773
0.12336628139019012
-0.16907288134098053
-0.11498904228210449
0.1911446899175644
0.08923350274562836
0.23064173758029938
-1.6188796758651733
-0.45069876313209534
0.06967556476593018
0.0585135854780674
0.786035418510437
0.7050395607948303
0.8138290047645569
0.5271114110946655
0.057538799941539764
0.1369151622056961
-0.3237762451171875
0.2353377640247345
-0.1705346405506134
0.08088228106498718
0.08289457857608795
0.27940306067466736
-0.3055011034011841
0.05895620211958885
-0.42861348390579224
-0.27891552448272705
-0.07606800645589828
-0.026798417791724205
0.24429506063461304
-0.5447369813919067
-0.35958462953567505
-0.16578887403011322
-0.44177883863449097
-0.0955725908279419
0.5116040110588074
1.4320051670074463
-0.15445581078529358
-0.3332735598087311
-0.010232038795948029
-0.29500699043273926
-0.07509258389472961
0.26505953073501587
0.14227484166622162
0.2864985466003418
0.4364151656627655
-0.2106495052576065
-0.9001367092132568
-2.282729387283325
-0.18856289982795715
0.244782492518425
-0.13447877764701843
0.21341200172901154
0.29890766739845276
-0.4307222068309784
0.19845914840698242
0.05656306818127632
-0.05213484168052673
0.22900372743606567
-0.8099280595779419
-0.17589454352855682
0.19114497303962708
0.8302606344223022
0.26770052313804626
0.16822706162929535
0.0980105772614479
-0.9454846382141113
0.1965087652206421
-0.08679527789354324
0.02438100054860115
-0.5007802248001099
0.05164754390716553
0.09264679253101349
-0.30232128500938416
-0.8318702578544617
-0.03849213942885399
0.03462057188153267
-1.1761271953582764
-0.3622976541519165
0.1433590203523636
0.2525840401649475
0.1593281775712967
0.23600541055202484
0.27013829350471497
0.2496589720249176
-0.8848321437835693
0.03754647448658943
-0.07899363338947296
0.2964697778224945
-0.012190354987978935
0.4034367799758911
0.12190383672714233
0.12434173375368118
0.07747156918048859
-0.34009477496147156
0.09111432731151581
-0.07996898889541626
-0.026818884536623955
-0.4720113277435303
-0.2945191562175751
0.2197464406490326
-0.03020908497273922
-0.2052859216928482
0.3096352219581604
-0.22186456620693207
0.29673057794570923
0.28769272565841675
0.3437683880329132
0.46287980675697327
0.653403639793396
-1.0239909887313843
-0.41902801394462585
-0.05607566609978676
-0.12814444303512573
-0.41300955414772034
0.17212767899036407
-0.21406279504299164
-0.19650885462760925
-0.43885326385498047
0.6270806193351746
0.49151572585105896
0.5085821747779846
-0.2796768844127655
-0.4341326951980591
0.3308373987674713
1.0322802066802979
0.6290228962898254
1.3428398370742798
-0.30183371901512146
-0.12873035669326782
-1.4696712493896484
0.3008584678173065
-0.49736693501472473
-0.17686918377876282
0.3132967948913574
-0.05851387605071068
-0.31207340955734253
-0.32133832573890686
-0.05119931697845459
-0.16627664864063263
0.7727654576301575
0.00926476251333952
0.5714846849441528
-0.33450350165367126
0.2569728493690491
0.19407056272029877
0.05363752692937851
-0.41415587067604065
-0.36445727944374084
-0.1983073204755783
-0.09020856767892838
-0.1496978998184204
-0.041934844106435776
-0.21048864722251892
-0.37692636251449585
-0.11800280213356018
0.1958712935447693
0.007308685686439276
0.04632354527711868
0.002436324255540967
1.1079885959625244
-0.14823481440544128
0.22169533371925354
0.09257600456476212
0.5067319273948669
0.25190412998199463
0.11215133219957352
0.11702746152877808
-0.08916532248258591
-0.21162499487400055
0.16968993842601776
-0.11304033547639847
-0.09257592260837555
0.09313449263572693
-0.04339734837412834
-0.2533659338951111
-0.5983030796051025
-2.330965280532837
0.044338855892419815
-0.013155692256987095
0.015603635460138321
0.5266234874725342
-0.16578879952430725
-0.09606000036001205
0.0053637768141925335
0.3907681107521057
-0.1877317726612091
0.09842267632484436
0.03803415223956108
-0.3559584617614746
-0.29331961274147034
-0.18466460704803467
0.024362370371818542
0.07509291172027588
0.1472599357366562
0.2913711667060852
1.1752290725708008
0.2457575798034668
0.47688689827919006
0.09355031698942184
0.10337431728839874
0.7270334959030151
0.9708408713340759
0.14227476716041565
0.07850591093301773
0.49444133043289185
0.1019115149974823
-0.1428709626197815
-0.16371320188045502
-0.2684704661369324
0.018041830509901047
-0.13311879336833954
-0.05266239866614342
-0.060904912650585175
-0.10329513251781464
-0.18612657487392426
-0.020951401442289352
0.17846664786338806
0.023874757811427116
-0.10768036544322968
0.13983814418315887
0.07119192183017731
-0.03169498220086098
0.3457189202308655
-0.11547646671533585
0.019017238169908524
-0.27208876609802246
-0.1851520985364914
-0.6226837635040283
-0.8297732472419739
0.22820372879505157
0.16920246183872223
-0.3418176472187042
-0.1399453729391098
-0.14579714834690094
0.02438070997595787
-0.29013121128082275
0.09647367149591446
-0.35254576802253723
-0.08338198810815811
-0.06729093939065933
-0.1779792308807373
0.2670082449913025
0.6933882832527161
0.11312676966190338
0.022429926320910454
0.019504334777593613
0.22510601580142975
-0.46921414136886597
-0.01071936171501875
-0.0029233593959361315
-0.29208138585090637
-0.4500686228275299
-0.024868404492735863
0.1023210659623146
0.13116802275180817
-0.2564854323863983
0.02438070997595787
0.18236792087554932
0.011214672587811947
0.06431616842746735
0.04486043378710747
0.0204803254455328
-0.21828466653823853
0.05948897823691368
4.8711427371017635E-4
-0.07747163623571396
0.019002707675099373
-0.034132879227399826
0.027794603258371353
0.12132377177476883
0.17735593020915985
-0.09842296689748764
0.002436033682897687
0.18758824467658997
0.12385433167219162
0.2850371301174164
0.2608735263347626
0.2774525582790375
0.016566075384616852
-0.3756638467311859
-0.13750748336315155
0.21796387434005737
0.14860880374908447
-0.3779012858867645
0.15896259248256683
-0.007308682426810265
-0.2652622163295746
-0.16530147194862366
0.11312676966190338
-0.1067873015999794
-0.21584804356098175
-0.237286776304245
-0.11605235934257507
-0.00536406971514225
-0.04774951562285423
0.06826575845479965
-0.05948903039097786
-0.18515193462371826
-4.876955645158887E-4
0.02730630151927471
-0.23485073447227478
0.20723631978034973
-0.13252976536750793
-0.1617645025253296
-0.0433979295194149
-0.11645101755857468
0.06626488268375397
-0.10621848702430725
-0.3559590280056
0.3622976541519165
0.002437896328046918
0.3466939926147461
0.046288128942251205
0.011214672587811947
-0.416592001914978
-0.03510826826095581
0.09696099907159805
-0.1992819756269455
-0.028260083869099617
-0.5934272408485413
-0.3113476634025574
-0.05505851283669472
0.06285420060157776
0.31622031331062317
0.09557238966226578
-0.15067271888256073
0.013653446920216084
0.04580051451921463
0.14812183380126953
-0.10434974730014801
0.2928325831890106
-0.08283095806837082
-0.25531482696533203
-0.0019490013364702463
0.20723631978034973
-0.3927170932292938
-0.17053456604480743
-0.10142382234334946
0.27550238370895386
-0.155549094080925
-0.11263901740312576
0.1779792308807373
0.05266237631440163
-0.5066319704055786
-1.4940519332885742
0.04486074671149254
-0.21974633634090424
0.0014627953059971333
0.10142382234334946
-0.21974633634090424
-0.14238356053829193
-0.25872549414634705
0.10093612223863602
0.020480016246438026
0.2660343050956726
0.21536101400852203
-0.12141609191894531
0.1184903085231781
0.12229778617620468
0.3732273578643799
0.3208504915237427
-0.16273891925811768
-0.15603670477867126
0.047298625111579895
1.160522222518921
1.6434682607650757
-0.007314270827919245
-0.31402379274368286
0.37497586011886597
-3.3580727577209473
-0.2738301753997803
0.001949002267792821
-0.21796387434005737
-0.14860880374908447
0.2559976279735565
0.11068863421678543
0.09410955011844635
-0.9408643245697021
0.01948942244052887
-1.1161504983901978
0.2504424452781677
0.0555880181491375
-0.37985193729400635
-0.3179245889186859
0.3128093183040619
0.0668032169342041
-0.09264679253101349
0.11986174434423447
0.034107085317373276
0.06485272943973541
-0.030209099873900414
-0.2148737907409668
-0.016079042106866837
-0.01755412481725216
-0.15018530189990997
-0.4622586667537689
-0.12921781837940216
-0.1965087652206421
-0.3861909508705139
-0.07509258389472961
-0.22949115931987762
-0.07600963115692139
-0.004876083694398403
0.29013046622276306
0.2906184494495392
0.3476695418357849
0.3839470446109772
0.8040769100189209
0.35352057218551636
-0.6158571839332581
0.1526234894990921
-0.3705872893333435
-0.00536377914249897
-0.032670095562934875
-0.7835965156555176
0.14725971221923828
0.07016291469335556
-0.24088150262832642
-0.11751515418291092
0.01120668463408947
0.185293510556221
0.4061831831932068
0.9666887521743774
0.3055006265640259
-0.6304863095283508
1.0122884511947632
0.32475146651268005
-0.00780197000131011
-0.06236719712615013
-0.46762216091156006
0.5358887314796448
0.2082115113735199
1.4189586639404297
-0.1438463032245636
0.363273024559021
0.2725764811038971
0.487242192029953
-0.13788944482803345
-0.09452496469020844
-0.018529243767261505
-0.008289370685815811
0.2911060154438019
0.09842296689748764
-0.001463086693547666
-0.013155692256987095
-0.3257264196872711
-0.41447216272354126
-0.6763215661048889
-0.17505373060703278
-0.07357359677553177
-0.29256877303123474
-0.40715789794921875
-0.05412519723176956
-0.42617499828338623
0.11117593199014664
-0.09215930104255676
0.3861909508705139
0.6202595829963684
0.1267796754837036
0.06480320543050766
-0.1355569213628769
-0.07070426642894745
-0.25239142775535583
0.2360055148601532
0.21357519924640656
0.12287893146276474
0.31353622674942017
-0.2735520303249359
-0.2514171898365021
0.03410681337118149
0.09752283990383148
0.3571486175060272
0.011214958503842354
0.10434941202402115
-0.16042517125606537
-0.24088160693645477
0.19163267314434052
0.04242255538702011
-0.3013460040092468
-0.09403793513774872
0.06967559456825256
-0.14178745448589325
-0.07948129624128342
0.2823290526866913
0.12960641086101532
0.015603650361299515
-0.2002563327550888
-0.14140823483467102
0.09801053255796432
-0.06192716583609581
-1.041723370552063
-0.13653209805488586
0.11068858206272125
0.19309547543525696
-0.21292507648468018
0.03705877438187599
-0.09842272102832794
0.02631109394133091
-0.1955336481332779
0.01802775263786316
-0.18076688051223755
0.1739453226327896
-0.1286318153142929
-1.4857618808746338
-0.013642724603414536
0.1662764996290207
0.6768092513084412
0.3115857243537903
0.4740867018699646
-0.20577332377433777
-2.930565357208252
-0.41203463077545166
0.030232198536396027
-0.3481569290161133
0.011702659539878368
-0.034132879227399826
0.46629080176353455
0.4793248772621155
-0.3149993121623993
0.07265443354845047
0.2657499313354492
0.11157865822315216
0.38472801446914673
0.023405618965625763
0.13506929576396942
0.05700751394033432
0.16383831202983856
0.21974605321884155
-0.8957477807998657
0.16725167632102966
-0.5129702687263489
-0.1336064338684082
0.1082504391670227
-0.1594500094652176
-0.14433375000953674
-0.15201956033706665
-0.1281447857618332
0.2718811631202698
0.02681889757514
0.2057735174894333
-0.6689834594726562
-0.0784459263086319
-0.3096352219581604
-0.2408817857503891
-0.04677518084645271
-0.060464076697826385
-1.5231192111968994
-0.13311885297298431
0.006826572120189667
0.014130041934549809
-0.7007023096084595
-0.04632352292537689
-0.024380721151828766
0.01072755828499794
0.6782414317131042
-0.09947337210178375
0.7192317843437195
0.3113478124141693
0.21064969897270203
0.20902667939662933
-1.9246060848236084
-0.2125999927520752
0.024868415668606758
-0.13653215765953064
-0.015603642910718918
-0.08777067065238953
0.010239862836897373
-0.08045639842748642
-0.45884543657302856
0.09647371619939804
0.025355808436870575
-0.5583791136741638
0.15445581078529358
-2.4117431640625
-0.25014644861221313
0.19602106511592865
-1.121025800704956
0.5047826170921326
0.1603025197982788
-0.32255449891090393
0.16907288134098053
0.04047204554080963
0.7343477606773376
0.28135398030281067
0.09549965709447861
-0.0019504916854202747
0.19830740988254547
0.014140852726995945
-0.05266239866614342
0.255510151386261
-0.019992319867014885
0.32377609610557556
-0.1676112860441208
0.3936915993690491
0.008777067065238953
0.2243027687072754
-0.21650078892707825
-0.21747608482837677
-0.21260009706020355
-0.07021656632423401
-0.049249112606048584
0.9881267547607422
-0.07606800645589828
0.017053399235010147
-0.2243027687072754
-1.0825042724609375
-0.14872244000434875
0.88502037525177
0.3281649053096771
-0.423737108707428
-2.314218044281006
0.8143171072006226
0.5422270894050598
0.30866026878356934
-0.2981920838356018
0.00926447194069624
-0.07990764081478119
0.3910672068595886
-0.23698051273822784
-0.0838058590888977
-0.12181069701910019
-0.3486446440219879
-0.22072069346904755
0.9452497959136963
