-0.18807566165924072
-0.1409206986427307
-0.21308749914169312
0.011214968748390675
0.4414413869380951
0.0897212028503418
-0.45069876313209534
-0.11654005944728851
0.11401468515396118
0.0824068933725357
0.3891162574291229
-0.058469194918870926
0.3245033323764801
0.20674863457679749
0.15506131947040558
-0.08283128589391708
-0.1857811063528061
9.751004981808364E-4
-0.06046410650014877
0.12141620367765427
0.026331188157200813
-0.06821388751268387
-0.05603286996483803
-0.39301738142967224
-0.7167335748672485
0.15018516778945923
0.1253168284893036
0.09606008976697922
0.37887683510780334
0.10378264635801315
-0.1627388447523117
-0.02679840475320816
-0.11011668294668198
-0.05457119271159172
0.5524669885635376
-0.1618882566690445
0.1721281260251999
0.0838056430220604
-0.1573791652917862
-0.48615166544914246
4.876955645158887E-4
-0.004872648511081934
0.008283037692308426
0.17310315370559692
-0.04534842073917389
-0.10971347987651825
-0.0214387234300375
-0.10434965789318085
0.19358296692371368
-0.22461850941181183
-0.00926476251333952
0.008770360611379147
-0.26721280813217163
-0.012190360575914383
2.8237764835357666
-0.19358287751674652
-0.07070419937372208
0.01706644706428051
0.37663835287094116
-0.007314270827919245
-0.09362214058637619
0.13691508769989014
-0.06631552428007126
0.33547917008399963
0.28308770060539246
-0.0034132893197238445
0.6494940519332886
-0.34058240056037903
-0.17784352600574493
-0.07552260160446167
-2.8237764835357666
-0.8728304505348206
-0.21357539296150208
0.1574995070695877
-0.23551800847053528
0.38004904985427856
0.2455700933933258
-1.0981078147888184
-0.5179383158683777
0.020967721939086914
0.45752063393592834
-0.16920238733291626
0.25921282172203064
-0.002436324255540967
-0.009744719602167606
0.06967584788799286
0.0209514107555151
-0.1048373430967331
0.11361417919397354
-0.14628461003303528
-0.3186563551425934
-0.2148737907409668
0.379364550113678
-1.5413494110107422
-0.06967559456825256
-0.34133005142211914
-0.3232886791229248
0.10142382234334946
-0.3225547969341278
0.14677195250988007
0.22461870312690735
-3.310811758041382
0.006338879931718111
-0.008289370685815811
-0.18125392496585846
-0.12921804189682007
-0.1716405600309372
0.11937437206506729
-0.2952688932418823
0.17456595599651337
0.28308770060539246
-0.24722078442573547
-0.006334326695650816
0.26428723335266113
0.08338198810815811
-0.060464341193437576
0.2282034456729889
-0.262336790561676
-0.006334036588668823
0.1969965398311615
-0.10483711212873459
0.03361978009343147
-0.28525424003601074
-0.005359683185815811
0.24624517560005188
0.022430216893553734
0.1296064704656601
-0.01950463466346264
-0.5275988578796387
0.0029236471746116877
-0.18271589279174805
-0.2494681030511856
-0.036571063101291656
0.17456595599651337
0.21048875153064728
0.3625081181526184
-0.1550612598657608
-0.0048763747327029705
-0.23795607686042786
0.28769272565841675
-0.020480016246438026
0.2767535150051117
-0.1369151622056961
0.2286914438009262
-0.04823685809969902
0.35081443190574646
0.07704314589500427
-0.035081442445516586
0.1315554678440094
0.797127902507782
0.7635087966918945
0.3732273578643799
-0.1862688958644867
0.07990788668394089
-0.25599753856658936
0.05266239866614342
-0.1082504391670227
0.18271589279174805
-0.25209659337997437
-0.019992031157016754
-0.10329537838697433
-0.18515193462371826
0.2197461575269699
0.21455039083957672
-0.025355808436870575
-0.38570311665534973
-0.09703538566827774
0.7085045576095581
-0.17456595599651337
0.019992031157016754
-0.132042795419693
0.00536377914249897
0.09606004506349564
0.0375174917280674
-0.25190454721450806
-0.1325301080942154
-0.08386972546577454
-0.14276181161403656
9.753911290317774E-4
-0.08289457857608795
0.020480025559663773
0.06480323523283005
0.1252213716506958
-0.18758824467658997
0.22461870312690735
0.006826575379818678
-0.1472596526145935
-4.870327247772366E-4
-0.0838056430220604
0.15055787563323975
0.1423836201429367
-0.1184903085231781
-0.12336668372154236
0.2794034481048584
0.5368641018867493
0.12229778617620468
-0.2360055148601532
-0.06143949553370476
0.27334296703338623
0.002437896328046918
0.09459725022315979
-0.0799076035618782
-0.4188607335090637
-0.22186456620693207
0.29110586643218994
0.5524677634239197
0.5188223123550415
0.6860368847846985
-0.04729864373803139
0.3878445625305176
0.05851387605071068
0.432026743888855
-0.007801675703376532
0.5432024598121643
-0.09996102750301361
-0.30306491255760193
-0.4646965563297272
-0.12824277579784393
0.008777067065238953
0.16822706162929535
0.4300761818885803
0.08916528522968292
0.00926476251333952
-0.10532479733228683
-0.15348123013973236
0.2077237218618393
-0.35254520177841187
-3.6907551288604736
-0.15007048845291138
-0.04238985478878021
-0.013642724603414536
0.019002407789230347
0.36961209774017334
0.27989062666893005
0.22851669788360596
-0.3074500858783722
0.2520967423915863
-0.2915935516357422
0.24654433131217957
-2.1117072105407715
-0.1882191002368927
-0.07265475392341614
-0.2769651412963867
0.16517488658428192
-0.049698539078235626
-0.24429477751255035
-0.6031794548034668
-0.11995311081409454
0.1019115149974823
-0.04534813016653061
-0.06972858309745789
0.4076460599899292
-0.9903457760810852
0.21974633634090424
-0.14043307304382324
0.014130041934549809
-0.8796569108963013
0.10337460041046143
0.3349919319152832
0.028281692415475845
-0.004388097673654556
0.10337401926517487
-0.05846887826919556
-0.08533277362585068
-0.161277174949646
-0.16663655638694763
0.038005415350198746
-0.07021602243185043
-0.076067715883255
-0.06431616842746735
-0.0048763747327029705
-0.13204245269298553
-0.3086601197719574
-0.2545352280139923
0.084292933344841
-0.01169342640787363
0.27285608649253845
-0.2530718147754669
-0.022900693118572235
-0.37809985876083374
0.033645179122686386
-0.15007062256336212
0.01609133742749691
0.052174706012010574
0.4091087579727173
-0.3974061906337738
-1.102009654045105
-0.16761121153831482
-0.3517884910106659
-0.2574606239795685
-0.23551800847053528
0.10434936732053757
0.5071196556091309
0.24234430491924286
0.555392861366272
0.10825034230947495
0.23161713778972626
-0.03998435288667679
0.10191156715154648
1.0015599727630615
-0.02826009690761566
0.1939222812652588
-0.28601136803627014
0.052174996584653854
-0.2942941188812256
0.17554134130477905
-0.14092053472995758
0.3581230938434601
-0.022430216893553734
-0.1330171525478363
0.04531349986791611
-0.021438732743263245
0.5666621923446655
0.6231712102890015
0.016578733921051025
0.06675223261117935
0.6046678423881531
-0.1297055184841156
-0.3008583188056946
-0.1724836528301239
9.746463038027287E-4
-0.7860344052314758
-0.00925739761441946
0.027794288471341133
0.24722066521644592
-0.15348123013973236
-0.151532381772995
-0.04482617974281311
0.21455028653144836
-0.019504625350236893
-0.11897795647382736
-0.16383861005306244
0.13165606558322906
-0.2257656455039978
0.3303500711917877
-0.04531349986791611
-0.19797155261039734
-0.0823439285159111
-0.16371320188045502
0.03897944465279579
0.2711135447025299
-0.7392237782478333
-0.11450206488370895
-0.008770364336669445
-0.15506139397621155
-0.3522762656211853
-0.14227455854415894
-0.13886409997940063
0.07996898889541626
0.11986169219017029
0.10532450675964355
-0.10873808711767197
0.17589424550533295
0.08331827819347382
-0.02974448911845684
0.006826572120189667
0.4798128008842468
-0.4095962643623352
-0.18919441103935242
-0.13214370608329773
0.06918827444314957
-0.25258415937423706
0.9174765944480896
0.05315012112259865
-0.021942803636193275
-0.25989869236946106
-0.22283977270126343
-0.2403939962387085
0.35693368315696716
0.13994573056697845
0.2996540665626526
0.09069621562957764
-0.21731001138687134
-0.10727529227733612
-0.37030431628227234
0.06924117356538773
0.12336628139019012
-0.16907288134098053
-0.11498904228210449
0.1911446899175644
0.08923350274562836
0.23064173758029938
-1.6188796758651733
-0.45069876313209534
0.06967556476593018
0.0585135854780674
0.786035418510437
0.7050395607948303
0.8138290047645569
0.5271114110946655
0.057538799941539764
0.1369151622056961
-0.3237762451171875
0.2353377640247345
-0.1705346405506134
0.08088228106498718
0.08289457857608795
0.27940306067466736
-0.3055011034011841
0.05895620211958885
-0.42861348390579224
-0.27891552448272705
-0.07606800645589828
-0.026798417791724205
0.24429506063461304
-0.5447369813919067
-0.35958462953567505
-0.16578887403011322
-0.44177883863449097
-0.0955725908279419
0.5116040110588074
1.4320051670074463
-0.15445581078529358
-0.3332735598087311
-0.010232038795948029
-0.29500699043273926
-0.07509258389472961
0.26505953073501587
0.14227484166622162
0.2864985466003418
0.4364151656627655
-0.2106495052576065
-0.9001367092132568
-2.282729387283325
-0.18856289982795715
0.244782492518425
-0.13447877764701843
0.21341200172901154
0.29890766739845276
-0.4307222068309784
0.19845914840698242
0.05656306818127632
-0.05213484168052673
0.22900372743606567
-0.8099280595779419
-0.17589454352855682
0.19114497303962708
0.8302606344223022
0.26770052313804626
0.16822706162929535
0.0980105772614479
-0.9454846382141113
0.1965087652206421
-0.08679527789354324
0.02438100054860115
-0.5007802248001099
0.05164754390716553
0.09264679253101349
-0.30232128500938416
-0.8318702578544617
-0.03849213942885399
0.03462057188153267
-1.1761271953582764
-0.3622976541519165
0.1433590203523636
0.2525840401649475
0.1593281775712967
0.23600541055202484
0.27013829350471497
0.2496589720249176
-0.8848321437835693
0.03754647448658943
-0.07899363338947296
0.2964697778224945
-0.012190354987978935
0.4034367799758911
0.12190383672714233
0.12434173375368118
0.07747156918048859
-0.34009477496147156
0.09111432731151581
-0.07996898889541626
-0.026818884536623955
-0.4720113277435303
-0.2945191562175751
0.2197464406490326
-0.03020908497273922
-0.2052859216928482
0.3096352219581604
-0.22186456620693207
0.29673057794570923
0.28769272565841675
0.3437683880329132
0.46287980675697327
0.653403639793396
-1.0239909887313843
-0.41902801394462585
-0.05607566609978676
-0.12814444303512573
-0.41300955414772034
0.17212767899036407
-0.21406279504299164
-0.19650885462760925
-0.43885326385498047
0.6270806193351746
0.49151572585105896
0.5085821747779846
-0.2796768844127655
-0.4341326951980591
0.3308373987674713
1.0322802066802979
0.6290228962898254
1.3428398370742798
-0.30183371901512146
-0.12873035669326782
-1.4696712493896484
0.3008584678173065
-0.49736693501472473
-0.17686918377876282
0.3132967948913574
-0.05851387605071068
-0.31207340955734253
-0.32133832573890686
-0.05119931697845459
-0.16627664864063263
0.7727654576301575
0.00926476251333952
0.5714846849441528
-0.33450350165367126
0.2569728493690491
0.19407056272029877
0.05363752692937851
-0.41415587067604065
-0.36445727944374084
-0.1983073204755783
-0.09020856767892838
-0.1496978998184204
-0.041934844106435776
-0.21048864722251892
-0.37692636251449585
-0.11800280213356018
0.1958712935447693
0.007308685686439276
0.04632354527711868
0.002436324255540967
1.1079885959625244
-0.14823481440544128
0.22169533371925354
0.09257600456476212
0.5067319273948669
0.25190412998199463
0.11215133219957352
0.11702746152877808
-0.08916532248258591
-0.21162499487400055
0.16968993842601776
-0.11304033547639847
-0.09257592260837555
0.09313449263572693
-0.04339734837412834
-0.2533659338951111
-0.5983030796051025
-2.330965280532837
0.044338855892419815
-0.013155692256987095
0.015603635460138321
0.5266234874725342
-0.16578879952430725
-0.09606000036001205
0.0053637768141925335
0.3907681107521057
-0.1877317726612091
0.09842267632484436
0.03803415223956108
-0.3559584617614746
-0.29331961274147034
-0.18466460704803467
0.024362370371818542
0.07509291172027588
0.1472599357366562
0.2913711667060852
1.1752290725708008
0.2457575798034668
0.47688689827919006
0.09355031698942184
0.10337431728839874
0.7270334959030151
0.9708408713340759
0.14227476716041565
0.07850591093301773
0.49444133043289185
0.1019115149974823
-0.1428709626197815
-0.16371320188045502
-0.2684704661369324
0.018041830509901047
-0.13311879336833954
-0.05266239866614342
-0.060904912650585175
-0.10329513251781464
-0.18612657487392426
-0.020951401442289352
0.17846664786338806
0.023874757811427116
-0.10768036544322968
0.13983814418315887
0.07119192183017731
-0.03169498220086098
0.3457189202308655
-0.11547646671533585
0.019017238169908524
-0.27208876609802246
-0.1851520985364914
-0.6226837635040283
-0.8297732472419739
0.22820372879505157
0.16920246183872223
-0.3418176472187042
-0.1399453729391098
-0.14579714834690094
0.02438070997595787
-0.29013121128082275
0.09647367149591446
-0.35254576802253723
-0.08338198810815811
-0.06729093939065933
-0.1779792308807373
0.2670082449913025
0.6933882832527161
0.11312676966190338
0.022429926320910454
0.019504334777593613
0.22510601580142975
-0.46921414136886597
-0.01071936171501875
-0.0029233593959361315
-0.29208138585090637
-0.4500686228275299
-0.024868404492735863
0.1023210659623146
0.13116802275180817
-0.2564854323863983
0.02438070997595787
0.18236792087554932
0.011214672587811947
0.06431616842746735
0.04486043378710747
0.0204803254455328
-0.21828466653823853
0.05948897823691368
4.8711427371017635E-4
-0.07747163623571396
0.019002707675099373
-0.034132879227399826
0.027794603258371353
0.12132377177476883
0.17735593020915985
-0.09842296689748764
0.002436033682897687
0.18758824467658997
0.12385433167219162
0.2850371301174164
0.2608735263347626
0.2774525582790375
0.016566075384616852
-0.3756638467311859
-0.13750748336315155
0.21796387434005737
0.14860880374908447
-0.3779012858867645
0.15896259248256683
-0.007308682426810265
-0.2652622163295746
-0.16530147194862366
0.11312676966190338
-0.1067873015999794
-0.21584804356098175
-0.237286776304245
-0.11605235934257507
-0.00536406971514225
-0.04774951562285423
0.06826575845479965
-0.05948903039097786
-0.18515193462371826
-4.876955645158887E-4
0.02730630151927471
-0.23485073447227478
0.20723631978034973
-0.13252976536750793
-0.1617645025253296
-0.0433979295194149
-0.11645101755857468
0.06626488268375397
-0.10621848702430725
-0.3559590280056
0.3622976541519165
0.002437896328046918
0.3466939926147461
0.046288128942251205
0.011214672587811947
-0.416592001914978
-0.03510826826095581
0.09696099907159805
-0.1992819756269455
-0.028260083869099617
-0.5934272408485413
-0.3113476634025574
-0.05505851283669472
0.06285420060157776
0.31622031331062317
0.09557238966226578
-0.15067271888256073
0.013653446920216084
0.04580051451921463
0.14812183380126953
-0.10434974730014801
0.2928325831890106
-0.08283095806837082
-0.25531482696533203
-0.0019490013364702463
0.20723631978034973
-0.3927170932292938
-0.17053456604480743
-0.10142382234334946
0.27550238370895386
-0.155549094080925
-0.11263901740312576
0.1779792308807373
0.05266237631440163
-0.5066319704055786
-1.4940519332885742
0.04486074671149254
-0.21974633634090424
0.0014627953059971333
0.10142382234334946
-0.21974633634090424
-0.14238356053829193
-0.25872549414634705
0.10093612223863602
0.020480016246438026
0.2660343050956726
0.21536101400852203
-0.12141609191894531
0.1184903085231781
0.12229778617620468
0.3732273578643799
0.3208504915237427
-0.16273891925811768
-0.15603670477867126
0.047298625111579895
1.160522222518921
1.6434682607650757
-0.007314270827919245
-0.31402379274368286
0.37497586011886597
-3.3580727577209473
-0.2738301753997803
0.001949002267792821
-0.21796387434005737
-0.14860880374908447
0.2559976279735565
0.11068863421678543
0.09410955011844635
-0.9408643245697021
0.01948942244052887
-1.1161504983901978
0.2504424452781677
0.0555880181491375
-0.37985193729400635
-0.3179245889186859
0.3128093183040619
0.0668032169342041
-0.09264679253101349
0.11986174434423447
0.034107085317373276
0.06485272943973541
-0.030209099873900414
-0.2148737907409668
-0.016079042106866837
-0.01755412481725216
-0.15018530189990997
-0.4622586667537689
-0.12921781837940216
-0.1965087652206421
-0.3861909508705139
-0.07509258389472961
-0.22949115931987762
-0.07600963115692139
-0.004876083694398403
0.29013046622276306
0.2906184494495392
0.3476695418357849
0.3839470446109772
0.8040769100189209
0.35352057218551636
-0.6158571839332581
0.1526234894990921
-0.3705872893333435
-0.00536377914249897
-0.032670095562934875
-0.7835965156555176
0.14725971221923828
0.07016291469335556
-0.24088150262832642
-0.11751515418291092
0.01120668463408947
0.185293510556221
0.4061831831932068
0.9666887521743774
0.3055006265640259
-0.6304863095283508
1.0122884511947632
0.32475146651268005
-0.00780197000131011
-0.06236719712615013
-0.46762216091156006
0.5358887314796448
0.2082115113735199
1.4189586639404297
-0.1438463032245636
0.363273024559021
0.2725764811038971
0.487242192029953
-0.13788944482803345
-0.09452496469020844
-0.018529243767261505
-0.008289370685815811
0.2911060154438019
0.09842296689748764
-0.001463086693547666
-0.013155692256987095
-0.3257264196872711
-0.41447216272354126
-0.6763215661048889
-0.17505373060703278
-0.07357359677553177
-0.29256877303123474
-0.40715789794921875
-0.05412519723176956
-0.42617499828338623
0.11117593199014664
-0.09215930104255676
0.3861909508705139
0.6202595829963684
0.1267796754837036
0.06480320543050766
-0.1355569213628769
-0.07070426642894745
-0.25239142775535583
0.2360055148601532
0.21357519924640656
0.12287893146276474
0.31353622674942017
-0.2735520303249359
-0.2514171898365021
0.03410681337118149
0.09752283990383148
0.3571486175060272
0.011214958503842354
0.10434941202402115
-0.16042517125606537
-0.24088160693645477
0.19163267314434052
0.04242255538702011
-0.3013460040092468
-0.09403793513774872
0.06967559456825256
-0.14178745448589325
-0.07948129624128342
0.2823290526866913
0.12960641086101532
0.015603650361299515
-0.2002563327550888
-0.14140823483467102
0.09801053255796432
-0.06192716583609581
-1.041723370552063
-0.13653209805488586
0.11068858206272125
0.19309547543525696
-0.21292507648468018
0.03705877438187599
-0.09842272102832794
0.02631109394133091
-0.1955336481332779
0.01802775263786316
-0.18076688051223755
0.1739453226327896
-0.1286318153142929
-1.4857618808746338
-0.013642724603414536
0.1662764996290207
0.6768092513084412
0.3115857243537903
0.4740867018699646
-0.20577332377433777
-2.930565357208252
-0.41203463077545166
0.030232198536396027
-0.3481569290161133
0.011702659539878368
-0.034132879227399826
0.46629080176353455
0.4793248772621155
-0.3149993121623993
0.07265443354845047
0.2657499313354492
0.11157865822315216
0.38472801446914673
0.023405618965625763
0.13506929576396942
0.05700751394033432
0.16383831202983856
0.21974605321884155
-0.8957477807998657
0.16725167632102966
-0.5129702687263489
-0.1336064338684082
0.1082504391670227
-0.1594500094652176
-0.14433375000953674
-0.15201956033706665
-0.1281447857618332
0.2718811631202698
0.02681889757514
0.2057735174894333
-0.6689834594726562
-0.0784459263086319
-0.3096352219581604
-0.2408817857503891
-0.04677518084645271
-0.060464076697826385
-1.5231192111968994
-0.13311885297298431
0.006826572120189667
0.014130041934549809
-0.7007023096084595
-0.04632352292537689
-0.024380721151828766
0.01072755828499794
0.6782414317131042
-0.09947337210178375
0.7192317843437195
0.3113478124141693
0.21064969897270203
0.20902667939662933
-1.9246060848236084
-0.2125999927520752
0.024868415668606758
-0.13653215765953064
-0.015603642910718918
-0.08777067065238953
0.010239862836897373
-0.08045639842748642
-0.45884543657302856
0.09647371619939804
0.025355808436870575
-0.5583791136741638
0.15445581078529358
-2.4117431640625
-0.25014644861221313
0.19602106511592865
-1.121025800704956
0.5047826170921326
0.1603025197982788
-0.32255449891090393
0.16907288134098053
0.04047204554080963
0.7343477606773376
0.28135398030281067
0.09549965709447861
-0.0019504916854202747
0.19830740988254547
0.014140852726995945
-0.05266239866614342
0.255510151386261
-0.019992319867014885
0.32377609610557556
-0.1676112860441208
0.3936915993690491
0.008777067065238953
0.2243027687072754
-0.21650078892707825
-0.21747608482837677
-0.21260009706020355
-0.07021656632423401
-0.049249112606048584
0.9881267547607422
-0.07606800645589828
0.017053399235010147
-0.2243027687072754
-1.0825042724609375
-0.14872244000434875
0.88502037525177
0.3281649053096771
-0.423737108707428
-2.314218044281006
0.8143171072006226
0.5422270894050598
0.30866026878356934
-0.2981920838356018
0.00926447194069624
-0.07990764081478119
0.3910672068595886
-0.23698051273822784
-0.0838058590888977
-0.12181069701910019
-0.3486446440219879
-0.22072069346904755
0.9452497959136963
-0.1687144637107849
-0.08923346549272537
1.0625121593475342
0.026331212371587753
-0.7167938947677612
0.1233663409948349
-0.23503020405769348
-0.40667083859443665
-0.43495234847068787
-0.6407233476638794
0.17589432001113892
-0.6665694117546082
-1.050006628036499
-0.006826572120189667
0.07509265094995499
0.49016574025154114
0.3393801748752594
0.38326552510261536
0.16517524421215057
0.1413004845380783
-0.03462086245417595
0.10239887237548828
0.05700717121362686
0.16871438920497894
-0.25551021099090576
-1.008874773979187
0.27139344811439514
-0.14482174813747406
-0.2160130888223648
0.012668363749980927
-4.013899803161621
-1.847083330154419
-0.21893906593322754
0.7728696465492249
0.2072359323501587
0.2608737051486969
-0.0823439285159111
-0.05457116663455963
0.04827401414513588
-1.0558539628982544
0.5232109427452087
0.3849214017391205
0.10914204269647598
-0.3403549790382385
0.507119357585907
0.29646947979927063
0.1305808275938034
-0.03410681337118149
0.5895628333091736
-0.0180418211966753
0.13799522817134857
3.2636032104492188
0.4341326951980591
0.8151559233665466
2.4190549850463867
2.549736738204956
-0.6036925911903381
-0.37176570296287537
-0.016566365957260132
-0.18236811459064484
-0.4312092661857605
-0.09306308627128601
-0.28671759366989136
2.687731981277466
-0.3376590311527252
-0.07265443354845047
0.37225285172462463
-0.05018612742424011
-0.396615207195282
-0.6139252185821533
-0.751902163028717
0.17212805151939392
0.014140846207737923
0.12629221379756927
-0.5627071261405945
-0.31256112456321716
-0.20512868463993073
0.07996870577335358
-0.15786662697792053
-0.03510826826095581
-0.10532479733228683
-0.06241457164287567
0.18870678544044495
0.2755020558834076
-0.0409281924366951
-0.03605550527572632
-0.09752283990383148
0.1272670328617096
-0.2345428317785263
0.11800256371498108
-0.01219064462929964
-0.16127732396125793
0.030231893062591553
0.09752283990383148
0.026331491768360138
0.022917622700333595
-0.23405492305755615
-0.24819576740264893
0.02241336926817894
0.4237368106842041
0.32572656869888306
-0.07655541598796844
-0.16383838653564453
-0.018041830509901047
0.11986179649829865
0.05018612742424011
0.2833043336868286
0.03852155804634094
0.06680324673652649
-0.033645179122686386
-0.007796005345880985
-0.075522281229496
-0.03267037123441696
-0.060463786125183105
-0.08581988513469696
-0.0014619688736274838
0.7737401127815247
-0.20040974020957947
-0.010232038795948029
-0.030232472345232964
0.07070422917604446
-0.057538773864507675
-0.1399453729391098
-0.2216949611902237
-0.07801850140094757
0.2777276039123535
-0.12385433167219162
0.2915937006473541
0.2879604697227478
0.47493642568588257
0.14958317577838898
0.19407086074352264
-0.2623366117477417
0.3946665823459625
0.07362982630729675
0.03754616528749466
-0.16725167632102966
0.007308682426810265
0.07698424905538559
0.09996131807565689
0.2674955725669861
-0.11702775210142136
0.05656338483095169
-0.1222977265715599
0.24264675378799438
-0.024868404492735863
-0.35568681359291077
-0.22186486423015594
-0.2528787851333618
-0.1277552992105484
-0.15506160259246826
-1.3336259126663208
0.07996870577335358
-0.1958712935447693
0.9737660884857178
0.13409419357776642
0.016579339280724525
-0.08331827819347382
0.3569338619709015
-0.6714195013046265
0.33912041783332825
-1.7555328607559204
-0.4008192718029022
-0.1325303465127945
0.03703015297651291
-0.09996131807565689
-0.17540721595287323
-0.26603415608406067
0.041934844106435776
-0.07070422917604446
-0.2677006721496582
-0.09605975449085236
-0.04486043378710747
0.3206053376197815
-0.3902806043624878
0.22625353932380676
0.15701182186603546
0.18320322036743164
0.04924853518605232
0.17164036631584167
0.2706265449523926
0.23941898345947266
-0.023405319079756737
-0.08386968821287155
0.3076850473880768
0.14227448403835297
0.06967556476593018
0.14677195250988007
0.1978200078010559
0.10719361901283264
0.11304033547639847
-0.44080355763435364
-0.19016946852207184
-0.19733326137065887
-0.1760290414094925
0.281626433134079
1.8427494764328003
-0.09215876460075378
-0.4154474437236786
-2.9798128604888916
0.19455796480178833
0.025355519726872444
0.16627687215805054
-0.1760290414094925
-0.12190411984920502
-0.07265443354845047
-0.13983844220638275
0.18466460704803467
0.025336749851703644
-0.1418955773115158
-0.13301707804203033
0.00243661692366004
-0.2821129262447357
-0.380826860666275
-0.2769651412963867
0.22461870312690735
0.01559201069176197
1.7891548871994019
-0.20040974020957947
0.11255243420600891
0.0687534436583519
0.12190355360507965
0.14482174813747406
-0.18968218564987183
-1.8227723836898804
-0.3415567874908447
0.15993797779083252
0.1716405153274536
-0.12141584604978561
0.13691522181034088
0.15067292749881744
0.772381603717804
0.4302347004413605
0.03949694707989693
0.17053456604480743
0.08380560576915741
-0.14140845835208893
-0.033132150769233704
0.08819092810153961
-0.2325924187898636
0.025336146354675293
0.1370197832584381
0.24380739033222198
-0.18188022077083588
-0.17895463109016418
0.25482746958732605
-0.040928155183792114
0.12083645164966583
0.10044842958450317
-0.045835286378860474
-0.3220670223236084
-0.2550223469734192
0.3306032419204712
0.10581249743700027
-0.27452725172042847
-2.1576948165893555
0.1568918526172638
-0.036083661019802094
-0.5149210691452026
-0.10719361901283264
-0.10378293693065643
-0.031207285821437836
-0.39661499857902527
0.3349910378456116
-0.055100295692682266
0.009752757847309113
0.21487368643283844
0.4765225350856781
-0.49541613459587097
0.016578741371631622
0.41123202443122864
-0.10768036544322968
0.9503611326217651
-2.058112382888794
0.3303506374359131
0.24185658991336823
0.21942667663097382
9.74646711256355E-4
0.2603861391544342
0.13496580719947815
-0.26408547163009644
-0.0038980061654001474
0.12229783833026886
0.7265457510948181
0.22722835838794708
0.5646578669548035
-0.19099882245063782
0.13496580719947815
-0.06772685050964355
0.06095205992460251
-0.14519783854484558
0.3691242039203644
-0.07016288489103317
-0.1643262356519699
-0.006334036588668823
0.10378293693065643
-0.21016190946102142
0.039009250700473785
0.08581988513469696
-0.11117656528949738
-0.162251815199852
1.2151355743408203
-0.04774951562285423
0.08728297799825668
-0.014130054973065853
-0.35254520177841187
-0.11937437206506729
-0.1399453729391098
0.16383838653564453
-0.36473584175109863
-0.001463086693547666
0.08435738831758499
-0.13409419357776642
0.12960641086101532
0.076067715883255
-0.3198748230934143
-0.002436033682897687
0.7654573917388916
-0.15164832770824432
-0.1935831755399704
0.1646878570318222
0.076067715883255
-0.15896259248256683
-0.009264480322599411
-0.06382832676172256
0.08819092810153961
0.238261416554451
0.232414111495018
0.0658278539776802
0.06924114376306534
0.32036250829696655
0.012181341648101807
0.22169533371925354
-0.42048999667167664
-0.12911909818649292
-0.2835749089717865
0.04580080509185791
-0.30403926968574524
-0.05359627678990364
0.47201111912727356
0.21064959466457367
-0.10288690775632858
0.06918823719024658
-0.18174125254154205
0.01219064462929964
-0.3347356915473938
-0.2789153754711151
0.025843216106295586
0.11849025636911392
0.35178908705711365
-0.0721668004989624
0.06290290504693985
0.12132377177476883
-0.21113672852516174
-0.013642719015479088
-0.22413137555122375
-0.15945029258728027
-0.30501362681388855
-0.06290226429700851
0.23844359815120697
0.19748415052890778
-0.2345426231622696
-0.22169533371925354
-1.2843700647354126
0.20561601221561432
-0.37468916177749634
-0.019992612302303314
-0.21779733896255493
-0.06143976002931595
-0.7990771532058716
-0.053108952939510345
-0.00536406971514225
0.07167962193489075
0.4846891760826111
0.2026926428079605
0.3969182074069977
-0.18515193462371826
0.0828949511051178
0.16809852421283722
0.13691508769989014
0.9328067302703857
0.30403897166252136
0.42097702622413635
0.5320683121681213
-0.07996870577335358
0.07021653652191162
0.07113752514123917
0.1140143945813179
-0.10378235578536987
-0.43885335326194763
-0.11263906955718994
0.016566075384616852
-0.0965474396944046
-0.052174706012010574
-0.19748415052890778
-0.2740395665168762
0.15408623218536377
0.13983915746212006
-0.244782492518425
-0.24624498188495636
-0.23503030836582184
0.2520964741706848
-0.2845492362976074
-0.1729707568883896
-0.46239277720451355
-0.049249112606048584
0.41495975852012634
-0.6519408822059631
-0.15993741154670715
0.24088150262832642
0.12190355360507965
-0.290130615234375
-0.4017948806285858
0.035595960915088654
-0.3201183080673218
0.3179249167442322
-0.14763444662094116
-0.11263906955718994
-0.1690731793642044
-0.21633517742156982
-0.3561742603778839
-0.007308682426810265
-0.3586103022098541
-0.3118349611759186
-0.48322662711143494
0.4385177493095398
0.8479619026184082
-0.34133049845695496
-0.26652151346206665
-1.8378194570541382
0.22900372743606567
0.26213616132736206
0.20577313005924225
-0.49747413396835327
0.17554104328155518
0.3513016402721405
0.3605593144893646
0.19358326494693756
0.19099901616573334
0.47883766889572144
0.713379979133606
0.28893470764160156
0.19002437591552734
0.40715837478637695
0.17115257680416107
0.05119962617754936
-0.060464370995759964
0.0029236471746116877
0.11312653124332428
0.32133790850639343
0.26505982875823975
-0.1535985916852951
-0.03459411859512329
-0.03510826826095581
0.0770430788397789
0.2077237218618393
0.09167132526636124
-0.357635498046875
0.19002456963062286
0.005851474590599537
0.11897795647382736
-0.13750740885734558
-0.11011673510074615
0.11800290644168854
0.21308788657188416
0.23454272747039795
0.03949694707989693
0.2481960505247116
0.25628915429115295
0.19246070086956024
0.3668931722640991
0.09020856767892838
-0.9284183382987976
0.34133005142211914
0.4763997495174408
0.5826996564865112
0.3735130727291107
0.09215939044952393
-0.3028087913990021
-0.260873943567276
0.22820372879505157
0.010239862836897373
-0.046288128942251205
-0.2564854323863983
-0.17066532373428345
-0.1724836528301239
-0.23941858112812042
-0.34864431619644165
-0.07454824447631836
0.05315012112259865
-0.09264679253101349
-0.12034878134727478
-0.24946792423725128
-0.18188022077083588
-0.055546101182699203
0.2816255986690521
0.23046590387821198
0.3513014614582062
-0.19002456963062286
0.1799297332763672
0.287205308675766
-0.1651751697063446
-0.15798720717430115
0.02974419854581356
-0.09118396043777466
-0.15201976895332336
-0.21779733896255493
0.16188788414001465
-0.403923898935318
0.08435738831758499
0.23485073447227478
0.5592941045761108
-0.6957815289497375
-0.08331827819347382
-0.24088150262832642
0.12190423160791397
0.2911056876182556
-0.13165628910064697
0.0039009833708405495
-0.26213616132736206
-0.6899348497390747
0.23795591294765472
-0.9674275517463684
-0.05168700963258743
0.11304043978452682
-0.02436208166182041
0.23064163327217102
0.348644495010376
0.15494313836097717
0.26818808913230896
0.13788972795009613
-0.10044842958450317
0.2633120119571686
0.09111429005861282
0.11693833023309708
0.04385209456086159
-0.15396849811077118
0.05700748786330223
-0.3052462935447693
-0.5642263889312744
-0.8382097482681274
-0.07314212620258331
-0.07698424905538559
-0.26895755529403687
-0.329863041639328
-1.6876342296600342
0.3318120241165161
0.1584748923778534
0.035595960915088654
-0.3520578145980835
-0.0852670669555664
-0.10825039446353912
1.513555645942688
-0.16627687215805054
-0.0423901230096817
-2.4653797149658203
-0.011702368035912514
-0.11068829149007797
-0.07021653652191162
0.05846887826919556
-0.2335672229528427
0.09842296689748764
-0.14043307304382324
0.10630028694868088
9.753911290317774E-4
0.4651842713356018
0.12726761400699615
-0.04482673853635788
0.05018612742424011
0.3815111815929413
0.09452496469020844
0.1345820128917694
-0.11547636240720749
0.04047175496816635
-0.06924114376306534
0.19163237512111664
-0.0380338579416275
-0.1310683786869049
-0.14335866272449493
0.09988435357809067
-0.07070422917604446
0.2828163206577301
0.6314610838890076
0.2408817857503891
-0.14519797265529633
0.16871477663516998
-0.08777067065238953
-0.13653209805488586
2.8189003467559814
-0.25989869236946106
-0.1188870444893837
-0.15932846069335938
-0.6148998737335205
0.09257625788450241
0.07558002322912216
0.09647434204816818
-0.08045639842748642
0.6446265578269958
0.13252946734428406
-0.1121513843536377
0.2662375867366791
-0.20528611540794373
-0.01462854165583849
-0.17456595599651337
-0.2031799703836441
0.07850626856088638
-0.09557263553142548
-0.23503030836582184
0.1019115149974823
0.11849025636911392
-0.07167962193489075
-0.5861124396324158
0.24673347175121307
0.09020856767892838
-0.13691508769989014
0.07795888930559158
-0.25453466176986694
0.4364151656627655
0.11401468515396118
-0.07259898632764816
-0.1719961017370224
0.1462845504283905
-0.12141584604978561
0.02145511656999588
0.12229742854833603
-0.05119931697845459
0.057494521141052246
0.09215905517339706
0.15701182186603546
-0.02925650216639042
-0.19748356938362122
-0.13740241527557373
-0.20431073009967804
-0.02241336926817894
-0.002437896328046918
0.36278530955314636
0.08770360797643661
-0.06972884386777878
-0.3795618414878845
0.0355684757232666
0.27403929829597473
-0.18369032442569733
-0.23533788323402405
-0.025336727499961853
-0.09898591786623001
0.17944201827049255
-0.026330910623073578
0.24215902388095856
-0.9030628800392151
-0.0209514107555151
0.1325298249721527
-3.6703948974609375
1.015899658203125
1.0488590002059937
0.5778688788414001
0.26379939913749695
-0.04144716635346413
1.5442757606506348
-0.16725167632102966
0.5617325305938721
0.820167601108551
-0.3057340979576111
-0.09020856767892838
0.17456631362438202
0.026311080902814865
0.23436342179775238
-0.18041713535785675
0.07558032125234604
0.4520187973976135
0.07406063377857208
0.3939928114414215
0.2911060154438019
-0.11206568777561188
0.11312682181596756
0.12327241897583008
-0.2769651412963867
0.06577752530574799
-0.15945008397102356
-0.14969754219055176
-0.24770806729793549
-0.12629245221614838
0.05018584057688713
1.12114417552948
-0.03605581447482109
0.1506730020046234
0.18821918964385986
0.07162456214427948
0.05071220174431801
-0.11800313740968704
-0.9606010317802429
-0.08386943489313126
0.12190383672714233
-0.24898119270801544
-0.05607569217681885
0.2377740889787674
0.1315554678440094
-0.03556876257061958
-0.19309568405151367
-0.1872442066669464
1.3355772495269775
1.32582426071167
0.06431587785482407
-0.18675650656223297
0.43348976969718933
1.3653218746185303
1.5426082611083984
-0.171996608376503
-1.2980308532714844
0.1253168284893036
0.026311080902814865
-0.10288666188716888
0.4061829745769501
-1.177663803100586
0.24868358671665192
0.09362185001373291
-0.18919427692890167
-0.07649695873260498
-0.040928445756435394
0.38667818903923035
0.4612830579280853
0.06143949553370476
-0.22088946402072906
-0.17589454352855682
-1.1094509363174438
0.3522762656211853
-0.20869940519332886
-0.33619704842567444
0.046811237931251526
0.34399306774139404
0.05802617967128754
0.13945768773555756
-0.22235237061977386
-0.21455058455467224
-0.13204245269298553
0.008777067065238953
0.3291398584842682
0.046810925006866455
-1.2799848318099976
0.1672520488500595
0.35254546999931335
-0.6207466125488281
-0.16383838653564453
0.10873808711767197
0.28184109926223755
-0.025355808436870575
0.47249874472618103
0.0141408396884799
-0.0078019630163908005
0.467134952545166
-0.15408623218536377
-0.09355031698942184
0.13653238117694855
0.17651642858982086
-0.024362092837691307
0.08386968821287155
-0.009745011106133461
-1.1528149843215942
0.25823819637298584
-0.15543045103549957
-0.1306809037923813
-0.297445148229599
-0.024849403649568558
-0.30427202582359314
-0.15299397706985474
-0.034106798470020294
-0.9752289652824402
0.3186563551425934
0.1687144637107849
0.1568918526172638
-0.034132879227399826
-0.06436476856470108
0.0380338579416275
-0.6119759678840637
-0.5914770364761353
-0.22820372879505157
-0.30719703435897827
-1.4667452573776245
-0.11547636240720749
-0.21406289935112
-0.1984589546918869
-0.3067093789577484
-0.21974661946296692
-0.5369409322738647
0.11605235934257507
-0.42341333627700806
-1.0376441478729248
-0.06285420060157776
0.0351082980632782
-0.15506160259246826
-0.568611741065979
-0.06631561368703842
0.2285161167383194
0.04141518846154213
-0.18139252066612244
0.19002428650856018
0.43510735034942627
0.8304081559181213
1.90608549118042
0.4178859293460846
0.5023468136787415
0.5436901450157166
1.8578550815582275
1.4238348007202148
0.42097702622413635
0.09020856767892838
0.15798720717430115
0.24313388764858246
0.03020879440009594
0.15554937720298767
0.18090511858463287
0.14530909061431885
0.11361423134803772
0.21211250126361847
-0.10093636810779572
-0.015591721050441265
-0.035595960915088654
0.059976380318403244
-0.42763808369636536
-0.08435734361410141
-0.08923346549272537
-0.23192720115184784
-0.35059499740600586
0.04044114053249359
-0.11897800862789154
-0.2645722031593323
0.060464370995759964
-0.06192716583609581
-0.1661498248577118
-0.38326534628868103
-0.06534045189619064
-0.09362214058637619
-0.25697311758995056
-0.1690729558467865
0.2670089304447174
-0.06918827444314957
-0.0029233579989522696
-0.05461262911558151
0.09410988539457321
0.11742541939020157
0.05363781750202179
0.18724408745765686
0.33499088883399963
0.13204273581504822
0.05457116663455963
-0.003413287689909339
0.022917622700333595
0.3147584795951843
0.5597812533378601
0.14324912428855896
0.2333887666463852
-0.06046410650014877
-0.2231571078300476
0.0828312411904335
-0.13691508769989014
0.017053697258234024
-0.1809050291776657
-0.03218267485499382
-0.18383078277111053
-0.12181040644645691
0.06338996440172195
-1.5187331438064575
-0.1131267175078392
0.09606004506349564
-0.15153253078460693
0.06967553496360779
-0.46434199810028076
0.06870094686746597
-0.1374024748802185
0.3032965064048767
-0.06139252334833145
-0.16725167632102966
0.08965260535478592
0.2764773368835449
1.1195636987686157
-0.5841627717018127
0.005847006570547819
-0.06577755510807037
-0.6714195013046265
-0.09020881354808807
-0.1315554678440094
-0.05018612742424011
0.16091279685497284
0.41123247146606445
0.5285747647285461
0.18821938335895538
0.57933109998703
1.0816774368286133
0.37302520871162415
0.5086808800697327
0.23698081076145172
0.37274035811424255
0.0847802460193634
0.9786429405212402
0.3863833546638489
-0.036543119698762894
-0.04193486273288727
-0.405385285615921
-0.19553345441818237
-0.03361974656581879
-0.7898192405700684
0.11020088940858841
-0.34837809205055237
-0.08240685611963272
0.12970557808876038
-0.20626121759414673
-0.13496609032154083
0.05603286996483803
0.7265457510948181
-0.14763444662094116
0.04047204554080963
-0.0014616783009842038
-0.3956405818462372
-0.3327863812446594
-0.15543024241924286
-0.30475929379463196
-0.0853324830532074
0.03998463973402977
0.0029258825816214085
0.4910280406475067
-0.18236792087554932
0.8684423565864563
1.2575575113296509
0.15554901957511902
0.2535598576068878
0.17638185620307922
0.29939523339271545
0.1774914562702179
0.557343065738678
0.249658465385437
0.9774077534675598
0.25892361998558044
-0.58026123046875
-0.011693722568452358
0.012678050436079502
-4.8732291907072067E-4
-0.030209099873900414
-0.15932825207710266
-0.040441107004880905
-0.21195024251937866
-0.33450376987457275
-0.20821131765842438
-0.33255329728126526
-0.3335285484790802
0.011215253733098507
-0.2711135447025299
-0.35693374276161194
-0.14530915021896362
-0.07899363338947296
1.6564269065856934
1.0196027755737305
0.1223912462592125
-9.751009638421237E-4
0.12970516085624695
0.4115467369556427
0.4256878197193146
0.20236022770404816
1.8334310054779053
0.11410191655158997
-0.017540721222758293
-0.03849213942885399
0.01072755828499794
0.3174373507499695
-0.09744832664728165
-0.03120730072259903
0.011702954769134521
0.08435742557048798
0.3625081181526184
-0.12814472615718842
-0.07552260160446167
-0.03897944465279579
-3.5261712074279785
-0.05363776907324791
0.27647775411605835
-0.014628535136580467
0.020951401442289352
0.2677006721496582
0.14178745448589325
-0.039009250700473785
0.1379948854446411
0.011693717911839485
0.1710221767425537
0.03705877438187599
0.4939536452293396
-0.2138991355895996
-0.8060270547866821
-0.13945774734020233
-0.24429477751255035
-0.226567804813385
-0.05558799207210541
-0.00780197000131011
-0.33596643805503845
-0.20626091957092285
-0.7508397698402405
-1.0120019912719727
-0.49444127082824707
-0.12570840120315552
-0.07747127115726471
-0.09313449263572693
0.08825840801000595
1.3428398370742798
