data
5.26637
2.10655
1.05327
3.15982
23.172
3.15982
3.15982
8.4262
7.37292
9.47947
9.47947
9.47947
9.47947
15.7991
5.26637
6.31965
6.31965
6.31965
6.31965
6.31965
9.47947
9.47947
4.2131
7.37292
7.37292
6.31965
11.586
6.31965
3.15982
3.15982
6.31965
6.31965
2.10655
2.10655
12.6393
12.6393
12.6393
12.6393
12.6393
12.6393
9.47947
7.37292
7.37292
9.47947
9.47947
9.47947
8.4262
8.4262
7.37292
6.31965
5.26637
6.31965
4.2131
6.31965
6.31965
6.31965
4.2131
5.26637
5.26637
10.5327
0
5.26637
5.26637
7.37292
7.37292
3.15982
7.37292
6.31965
4.2131
3.15982
2.10655
5.26637
5.26637
5.26637
5.26637
40.0244
5.26637
5.26637
7.37292
8.4262
6.31965
6.31965
6.31965
6.31965
7.37292
9.47947
7.37292
7.37292
7.37292
7.37292
7.37292
7.37292
7.37292
7.37292
7.37292
3.15982
4.2131
7.37292
4.2131
